0 0.03392435305101445 0.09829240449012605 0.0678487061020289 0.1596289179970193
0 0.1516787790657752 0.09978863933028082 0.08486233657031014 0.1393360828876713
0 0.3639278674204459 0.09213308932625383 0.10018511071235496 0.18426617865250766
0 0.49796279653517883 0.0659207798812276 0.07181151168153739 0.1127262059173905
0 0.6774592391677952 0.08974378831893498 0.09672922820551473 0.17948757663786996
0 0.962683211643879 0.09182512376385932 0.0746335767122313 0.15090322190646535
0 0.018911022339076135 0.5520644521991389 0.03724460888153926 0.06005332284775345
0 0.17250894423813695 0.5222944289070892 0.1019174181021964 0.17605375843401277
0 0.37052627621121653 0.5133656070765235 0.10761303482333999 0.17684700356875677
0 0.5335210732993739 0.512665684898814 0.07847877417603956 0.12598599198829835
0 0.6903473862431473 0.5392627276519137 0.09553937725778941 0.1651816339402295
0 0.9876356722738767 0.5063732858218368 0.024728655452246708 0.09111433735113328
0 0.027471508023863826 0.9184147378918763 0.05494301604772765 0.16317052421624387
0 0.21691375699767634 0.9153094164967578 0.10226387958016354 0.16938116700648279
0 0.40306879584188254 0.9136156048266949 0.08266828210733544 0.12760047914488098
0 0.5758889559681553 0.9227752530590265 0.07847877417604066 0.13671813204655606
0 0.7091800935916407 0.9206754865258912 0.08976501929166002 0.15864902694821734
0 0.9888449902927077 0.9391067705389947 0.022310019414584707 0.1217864589220102
