0 0.12284094317260383 0.16689174740423302 0.10798366986351454 0.1286248611597101
0 0.1653220336459727 0.28187743687250194 0.06015188831347448 0.08844102071961812
0 0.00997085319399155 0.5994642942616977 0.0199417063879831 0.04587980418038731
0 0.31787394345505393 0.575032037869929 0.1128396161951304 0.2030880192407714
0 0.4858218203665248 0.5683443583520073 0.11337951866496464 0.19761136150756323
0 0.6604093806438631 0.6448940774172209 0.05958087537779729 0.10872124493804664
0 0.3127920845290243 0.201607226360412 0.10589488675792161 0.1516638969376058
0 0.4896733158950526 0.1638885366643522 0.08611645802230279 0.12764420981978933
0 0.632839215881755 0.18374858743691622 0.08741796620399199 0.13497121884267752
0 0.9158358042502474 0.14332724465145877 0.06984760575108451 0.10450628658961597
0 0.9783081969717128 0.2091300961534281 0.04338360605657466 0.09342812967415232
0 0.9763559346991668 0.15123270175510128 0.0013015081816971019 0.0030850564306897786
0 0.932878442366678 0.6253150773143785 0.07850802102682153 0.1469422972018061
0 0.3493899006319292 0.9822959829829726 0.0599482556418127 0.03540803403405317
0 0.48516086776807293 0.964241391371553 0.05580709324550383 0.07151721725689426
0 0.6333553220931505 0.9705517340706877 0.06270903057268236 0.058896531858622495
