0 0.02537459069831832 0.6668384030809217 0.05074918139663664 0.17243969123550834
0 0.15284788600925356 0.5591769963139704 0.07692410531691476 0.11155242705026831
0 0.3204437516783652 0.4998712128131499 0.07659375649288219 0.13616667820956796
0 0.47446639908071814 0.41015391548815416 0.06633353366050532 0.16204258902197793
0 0.6634453870631583 0.31174061534915076 0.0691968516602366 0.10265525273120116
0 0.8113834837160833 0.23856693313372973 0.07110573032672816 0.11665369628545622
0 0.9530833415251901 0.12408511657547829 0.0892138305767086 0.17759358722497962
0 0.40437329093634483 0.0211726458758104 0.08987788174281527 0.0423452917516208
0 0.2528830096949212 0.09372424574358701 0.09622967550555735 0.16825195922643923
0 0.08209693438345404 0.1786971311918386 0.10004075176320323 0.17559180979671912
0 0.22275635860679202 0.9511532944547789 0.06453940601242085 0.09769341109044191
0 0.3969304120855591 0.9014885389745578 0.05777907533898377 0.10447122913016998
0 0.574978602752742 0.8215962734505744 0.08913359062532766 0.1447873074857802
0 0.7272076630509784 0.7529997880751957 0.06991268116017144 0.118774672581556
0 0.8764581137871085 0.6989148925246649 0.07110573032672679 0.12768277302517314
