0 0.1606714929987821 0.06491494205748602 0.09964168542510368 0.12982988411497204
0 0.35564097754863055 0.0621064279023772 0.07441126393053742 0.1242128558047544
0 0.5269964937830321 0.09067538473747079 0.09083065080722738 0.18135076947494158
0 0.6960812437472573 0.08477527408674498 0.10969547828257266 0.16955054817348997
0 0.8695328519233644 0.12017593799109999 0.0911799994641767 0.14719223412863416
0 0.8812214566367023 0.4906407804287781 0.10759938634086703 0.16023458398813303
0 0.9710040614730774 0.5661000903301663 0.0579918770538452 0.12980243431596686
0 0.00921010095597753 0.4091974952517831 0.01842020191195506 0.044449724041012405
0 0.010956844240731853 0.8151692176532663 0.021913688481463706 0.03654526958070855
0 0.16355868939063498 0.848686157474199 0.07749188390546595 0.13550493360518315
0 0.3458551703813628 0.8402170991238757 0.1111563908480042 0.17276879034661094
0 0.5257697287110565 0.8608251411096554 0.09114824049536124 0.1699457708965026
0 0.6948862376440809 0.8941367706209503 0.10035834145134319 0.21172645875809873
0 0.8676550279907042 0.918132435946866 0.10861567334290681 0.16373512810626675
0 0.15249849554868822 0.4145979455449261 0.10229627372835455 0.13804830474856716
0 0.3483948339237932 0.4456778934903061 0.08892511267840346 0.11743760912449512
0 0.5246571108399098 0.49141080858205444 0.10543977646153481 0.20438660818782542
0 0.682022801311873 0.5134303602928971 0.09305377862418539 0.18519007592708733
