0 0.03518803810921908 0.16700363513510832 0.07037607621843817 0.14925696701638932
0 0.19517962217717094 0.1296132150213717 0.09237771679351237 0.16747121470179313
0 0.37257017976808476 0.10547827218131019 0.08546049789872559 0.15038994525121113
0 0.5486880977350527 0.1111243110815263 0.08719280528856492 0.13293855228690674
0 0.7240102477057474 0.10185454175989868 0.06742429079151847 0.12793924147889707
0 0.8683699675934515 0.09191751329551838 0.14882252786107159 0.16520309822032359
0 0.03266885316510218 0.6045919867305625 0.06533770633020436 0.1914663205565843
0 0.19674681180096684 0.5817718990756156 0.108298083654769 0.1897069070472594
0 0.3791314277412266 0.5598159821754131 0.12911926360904147 0.21041657773325453
0 0.5646915843860305 0.529725416909042 0.09213047584862874 0.16116617851133147
0 0.7185342054860286 0.5330423061644701 0.06432820298878669 0.10289210242058497
0 0.8953788109596372 0.4933587323319147 0.10610068060254944 0.228214072882142
0 0.046286950302705625 0.9301116366814536 0.09257390060541125 0.13977672663708846
0 0.22453146325733575 0.9214695272388391 0.12005017247459757 0.15405499441184678
0 0.3798588176562559 0.9190945353779953 0.10727567819499996 0.16181092924400908
0 0.5721210996037605 0.8773055183399628 0.08999827322160404 0.17436290210777333
0 0.7512125514824128 0.9070006673639723 0.09333861964480242 0.18490010334531348
0 0.8863819997425736 0.913067202926126 0.14215633669956515 0.17221232103697878
