0 0.04165491783723862 0.2740992336683164 0.08330983567447724 0.14533464996071108
0 0.22383143784110138 0.29468836358896033 0.10512218677339856 0.2235831404485576
0 0.3942681203057493 0.2677683318224572 0.08241583642567615 0.10032217880549414
0 0.5369606636880057 0.28222259948497075 0.08388294445725109 0.14276013311423785
0 0.7110930890368817 0.2580405796639452 0.12450786133728982 0.23774340601029897
0 0.9793602494185843 0.2374172021984872 0.04127950116283104 0.09174186590185052
0 0.062069120528504725 0.6432478794140638 0.10506169889432265 0.1772809101845591
0 0.22825188729628504 0.6525203556104704 0.09495798674072331 0.13858459118712288
0 0.4154036533369973 0.6475351111566486 0.07683236632619128 0.1514377075414786
0 0.5940849534518055 0.6346112833211511 0.08630279118577872 0.1800673467003637
0 0.7404245801795933 0.6394329874543524 0.09842655624085146 0.1651816339402082
0 0.9833073396901628 0.6098807255638821 0.03338532061967438 0.05015298198200493
0 0.28025206898606064 0.9862830833925497 0.0436555281273461 0.027433833214889524
0 0.5862792694408029 0.9625983528141886 0.08800581243632727 0.07480329437161871
0 0.7486944760859358 0.9558451298357518 0.08025967120466321 0.08830974032849474
0 0.06197580430769894 0.9864175349634184 0.02256623123213675 0.027164930073162716
