0 0.10780600336772977 0.5916434563861689 0.0988072964074761 0.16877666755233317
0 0.2761102963586683 0.5009436910261735 0.09553937725778916 0.17124762614705397
0 0.4258498972530868 0.41601980013036394 0.08897760684173431 0.08819019439180703
0 0.6120729416607855 0.31616423611001987 0.09606431889107846 0.15631595302251647
0 0.7566943616306903 0.2590039249301375 0.09238972745808374 0.14558381296425393
0 0.9007908399672939 0.1897116293365751 0.11653704258916991 0.17498054442818853
0 0.34577965790974763 0.053628900493702746 0.07378243634802563 0.10725780098740549
0 0.20303458562625834 0.09719655966721903 0.11738114873549481 0.19439311933443806
0 0.036506934651365994 0.16497725687969292 0.07301386930273199 0.17186542369181868
0 0.04205012810443755 0.9893386438612464 0.03640329863098667 0.02132271227750645
0 0.17774452147281714 0.9492970627938859 0.07447899311741099 0.10140587441222781
0 0.3418183208622094 0.9004078420843995 0.07572411238965807 0.1423332853250046
0 0.4939873050966899 0.8161314624644308 0.06609492382719076 0.16501195583652045
0 0.6798643652460877 0.7158092836589419 0.06657214349381459 0.10180686221276099
0 0.8261644686217082 0.648870865655073 0.07086712049341548 0.11712031107060109
0 0.9603012889828503 0.5299377563399916 0.07939742203428786 0.16953515027717875
