0 0.03680408881457308 0.25484928918082445 0.07360817762914616 0.17883169106825159
0 0.2074341844964667 0.24172655087161524 0.12431073872352023 0.2050211915761368
0 0.364694757580437 0.238398284774604 0.1108312610306112 0.19570204650449605
0 0.5593983242558072 0.17573244992239695 0.09136090436306535 0.15443154690149916
0 0.7403483103728397 0.19633505584632258 0.09537930658765907 0.1709598059053533
0 0.8775002122102973 0.19767204541144878 0.14474922732562356 0.1873158434492531
0 0.05713152496616733 0.6799099619148359 0.10013400013098997 0.1655858184064208
0 0.220959951253246 0.6744705244911031 0.1033192364656381 0.17640424091822834
0 0.3779847314262696 0.666286822592832 0.08285998171996745 0.1091160253102454
0 0.45700860288142353 0.6481008183744608 0.002557406843208838 0.0018186004218375728
0 0.5803512586543986 0.6560189188908819 0.09764644310433856 0.16307284774327097
0 0.7194234654999707 0.6522614800027898 0.09088305310576947 0.14052821441470964
0 0.8618773673448272 0.665378356533336 0.08411966310720033 0.1442173341472389
0 0.8805374690608677 0.9598552334471911 0.05881107024558878 0.08028953310561754
