0 0.07524725399625902 0.12342380295421743 0.1115457418317129 0.21500080618437972
0 0.25553266307515043 0.14284478417546542 0.12506681918841012 0.23724655458707755
0 0.41895474616704403 0.1062344754291201 0.08897662203387763 0.14680660207479798
0 0.6045260532261503 0.10812164493913495 0.144820897790542 0.2162432898782699
0 0.7628416290481697 0.11067365452203612 0.13488351644873403 0.22134730904407224
0 0.08200610373265095 0.5575010011368033 0.1454128849692366 0.20836837680001166
0 0.2588337046804303 0.5472365145661259 0.13654705847631265 0.21707749502678828
0 0.4605671056308583 0.506848078332914 0.13943879508467133 0.24077362749109404
0 0.6619405072891789 0.49588267242341144 0.09123485586485497 0.16996488326727902
0 0.7907851429715171 0.4709011473727992 0.13310183829828506 0.24407826165633648
0 0.01336624054642703 0.948806243680921 0.02596391404756214 0.05487478375823676
0 0.10565654264919754 0.9430263347341834 0.12501484996671702 0.11394733053163318
0 0.28754881858229353 0.9196722647378344 0.13540869430575145 0.16065547052433082
0 0.5241386351852261 0.9102060810070356 0.2715002409543447 0.1795878379859286
0 0.8004559232430833 0.9128957348669051 0.11277008034279712 0.17420853026616728
