0 0.13963349793285493 0.278704304389913 0.0870195745495803 0.16260592032622267
0 0.30620928936078085 0.24059354181344184 0.08733716423771412 0.16204131643620287
0 0.5111347315909406 0.2527024736125601 0.07620595043834169 0.12097651591934319
0 0.6668259895643474 0.27206963875746487 0.08425313214217509 0.1497833460305316
0 0.8331748613722351 0.23521979584732677 0.09308616824501925 0.1594171781104915
0 0.16222394323844241 0.7001357513121036 0.0747451417205108 0.13840009170108236
0 0.3207675692636956 0.7036498647385768 0.09813521363437622 0.17276879034660944
0 0.4951025156768857 0.6850769976698089 0.06324393268752447 0.13324651804509852
0 0.64998323114554 0.6585337904644782 0.05731240206076019 0.10142811863099516
0 0.8204601340296503 0.6409260890131583 0.07532912437633393 0.15631595302251788
0 0.17340429874559302 0.9838676434173934 0.02077294672916554 0.03226471316521048
0 0.3405867981242119 0.9773753557128879 0.06100642653992116 0.045249288574196876
0 0.5483969723407571 0.9793919580142086 0.04478014602733992 0.041216083971576715
0 0.6991074393236495 0.9834550680696568 0.06058309888315883 0.03308986386068256
0 0.8429235048560352 0.9302714195823311 0.14291535966171928 0.1394571608353377
