0 0.9807249010895042 0.1564365508163888 0.038550197820992206 0.09065963130345234
0 0.9074321648199962 0.15069900058527927 0.04868055368102122 0.10510200318279422
0 0.8108687334016018 0.1269232337304281 0.06393479853272921 0.10142266533139054
0 0.7240020519504646 0.11975814189167146 0.0691616766074913 0.10531075362429512
0 0.014522496489842723 0.054785549018483815 0.02904499297968544 0.10957109803696763
0 0.10154366156561676 0.08939221704612337 0.05510526035096299 0.11368752279638313
0 0.21375788222716158 0.0734054561461883 0.07743822897179499 0.13348131829834783
0 0.3326303391256428 0.10948864604957312 0.04162610883164377 0.0851122866084389
0 0.44455822099895154 0.10700581895404772 0.038569218021992355 0.045473378128069154
0 0.5382878021735181 0.0995958257748025 0.06338639987600489 0.09824595953007854
0 0.6342752835343891 0.11953248460484868 0.06601427195364083 0.12007126755392285
0 0.9832701189647253 0.4430489762595789 0.03345976207054976 0.085975029351878
0 0.904289347326883 0.46610998229489475 0.07074259545454546 0.1186998200471875
0 0.8120042426750278 0.4506684190285848 0.07708596260176387 0.1251558666027013
0 0.7185787058099897 0.43305481712065874 0.06795926085158668 0.11387061449966286
0 0.6331194393802839 0.4356950771812468 0.07287717167707165 0.12675704887246647
0 0.5375393271910451 0.4230407147798169 0.06565478906348544 0.11582515080687884
0 0.4396416248531503 0.4223380841811312 0.056053811659194167 0.08825517871911014
0 0.34394409054057556 0.4203812106655694 0.055241702675295705 0.0913595827224496
0 0.21699057044281347 0.4088936228055832 0.08735276078610976 0.12929934839685928
0 0.10414988408287985 0.37804430996361127 0.06715436838781225 0.12871158517968537
0 0.021561529398293467 0.3708430672258682 0.043123058796586934 0.11301462841212437
0 0.03518926270182282 0.665114464665005 0.07037852540364564 0.12922704659889103
0 0.11606254979539851 0.6787717539582668 0.06275140297779899 0.12765967801975386
0 0.24273333936498825 0.6953270340217034 0.07665235670900775 0.14807972484622228
0 0.3416360104924118 0.713509155093127 0.07542829139272926 0.1311092811081256
0 0.44615357288624935 0.720680661616446 0.05631489262699321 0.1213400801077685
0 0.5350180524565693 0.7150059621421566 0.05794369775552586 0.09656780104564441
0 0.6363245761951276 0.7359029822804826 0.07284830559658165 0.10970147396728601
0 0.7181355898167456 0.763492198421919 0.0611849171709959 0.11179245891803172
0 0.8165387274696109 0.7455252424765391 0.055263352235669846 0.09938299785709032
0 0.9178524677283026 0.7564443111730228 0.07056548336885028 0.10353930902035674
0 0.5397227685957382 0.9773293472845052 0.05189290701599161 0.045341305430989486
0 0.44537262356321927 0.9803060545372203 0.061647389144253786 0.039387890925559374
0 0.34609637228440276 0.9775188536723404 0.0438800649788761 0.04496229265531873
0 0.2128427841601667 0.9688441254154564 0.05394351435641909 0.06231174916908752
0 0.10475601490058828 0.9793117303031701 0.05442959369139659 0.041376539393660004
0 0.02645188882297813 0.9690655559909469 0.05290377764595626 0.061868888018106284
0 0.995309716901076 0.7609060478582843 0.009380566197848899 0.03532398953586034
