0 0.9770179372197311 0.26128549770627024 0.04596412556053806 0.09606377069903775
0 0.7954035874439462 0.2521175884404584 0.09753363228699556 0.12954658694569013
0 0.6816143497757846 0.20129546586945693 0.060538116591928176 0.11958146487294473
0 0.49327354260089684 0.1813652217239661 0.06278026905829591 0.09566517189835576
0 0.3979820627802691 0.17638266068759342 0.08744394618834071 0.10164424514200299
0 0.5829596412556053 0.18933731938216242 0.04035874439461885 0.06377678126557047
0 0.3172645739910314 0.15246636771300448 0.06053811659192828 0.08171400099651221
0 0.2253363228699551 0.14648729446935727 0.05381165919282513 0.10563029397110116
0 0.13733183856502243 0.14449427005480817 0.041479820627802706 0.08570004982561034
0 0.14573991031390135 0.2820129546586946 0.06278026905829598 0.06975585450921777
0 0.14798206278026907 0.43746885899352267 0.0493273542600897 0.0896860986547086
0 0.14461883408071746 0.5959142999501744 0.05156950672645738 0.07972097658196305
0 0.1619955156950673 0.7752864972595914 0.04596412556053812 0.07573492775286496
0 0.1647982062780269 0.8868958644743398 0.04035874439461885 0.047832585949177824
0 0.25840807174887886 0.7673143996013951 0.06390134529147985 0.10762331838565033
0 0.29708520179372194 0.7563527653213751 0.05605381165919279 0.11360239162929744
0 0.23486547085201792 0.43846537120079715 0.04372197309417043 0.07573492775286489
0 0.2965246636771301 0.43447932237169906 0.07511210762331835 0.10762331838565017
0 0.3934977578475336 0.4673642252117588 0.06278026905829598 0.09765819631290483
0 0.5134529147982063 0.4912805181863478 0.06278026905829598 0.0857000498256103
0 0.3890134529147982 0.7812655705032386 0.056053811659192834 0.09167912306925757
0 0.49551569506726456 0.7922272047832587 0.07399103139013462 0.11758844045839552
0 0.5762331838565022 0.497259591429995 0.058295964125560505 0.08968609865470853
0 0.6743273542600897 0.5181863477827604 0.05493273542600889 0.10762331838565017
0 0.5689461883408071 0.7992027902341803 0.07062780269058301 0.1036372695565521
0 0.6776905829596412 0.8400597907324365 0.09304932735426014 0.11758844045839567
0 0.7869955156950672 0.828101644245142 0.06278026905829606 0.11758844045839567
0 0.780829596412556 0.5351270553064275 0.0683856502242152 0.11758844045839567
0 0.8873318385650225 0.5610363726955656 0.07286995515695067 0.07374190333831585
0 0.8761210762331839 0.85401096163428 0.07062780269058308 0.11360239162929744
0 0.9680493273542601 0.8532137488273465 0.06390134529147985 0.09606377069903772
0 0.9786995515695068 0.5692077697541028 0.042600896860986524 0.07414050213899777
