0 0.06077126152024042 0.07521599740239111 0.09356213426626372 0.15043199480478223
0 0.18576453627641143 0.07655193150894983 0.10965007335677333 0.15310386301789966
0 0.5232806863462328 0.12493499880072179 0.10607387546038986 0.16145888955652846
0 0.6795153909231634 0.13451935048051292 0.1018759577551789 0.16845622849802566
0 0.8699196620845265 0.12052467259752019 0.1048083914642341 0.18783383281344185
0 0.8566331994277674 0.5693478922530332 0.08560568773714666 0.17691354702709006
0 0.6817752908226088 0.5590748992731337 0.09110458430465307 0.1693439732524236
0 0.5043356002243512 0.5493860971154303 0.062482859641537755 0.11023208461452287
0 0.18534719177358006 0.6343757521503494 0.050830280129966335 0.10881129503314378
0 0.0893886892379464 0.5239957100767597 0.11869210125293513 0.17844094557386575
0 0.026697157344996326 0.936819603645652 0.05339431468999265 0.12636079270869374
0 0.49124006238594475 0.9733432984554047 0.04301824136381869 0.05331340308918765
0 0.6649946421909882 0.9357935029876695 0.08156319998414417 0.1284129940246325
0 0.8385172912169365 0.9425841416147692 0.09875017092935093 0.11184218014863312
0 0.9885928017551856 0.9750961090219942 0.022814396489604413 0.04748923896704657
0 0.9890156573526488 0.612768189457595 0.0219686852947022 0.04418203393652024
0 0.18308906567477037 0.9789133301991404 0.04744500705193385 0.04217333960171914
