0 0.08015695067264574 0.600896860986547 0.04820627802690582 0.077727952167414
0 0.17544843049327355 0.6347782760338814 0.06165919282511211 0.08171400099651223
0 0.2673766816143498 0.6447433981066268 0.05269058295964129 0.0857000498256103
0 0.3553811659192825 0.6557050323866467 0.047085201793722005 0.08769307424015949
0 0.4680493273542601 0.6766317887394121 0.05941704035874437 0.08171400099651216
0 0.5493273542600896 0.6586945690084705 0.05381165919282516 0.0896860986547086
0 0.6597533632286995 0.6985550572994519 0.0571748878923767 0.06576980568011948
0 0.7825112107623318 0.70254110612855 0.058295964125560575 0.10164424514200306
0 0.8850896860986548 0.7334329845540608 0.05269058295964129 0.05979073243647235
0 0.9697309417040358 0.7593423019431986 0.044843049327354265 0.05580468360737413
0 0.06838565022421524 0.8988540109616343 0.0515695067264574 0.06377678126557057
0 0.14349775784753363 0.8819133034379673 0.03363228699551568 0.06576980568011961
0 0.1771300448430493 0.9297458893871451 0.026905829596412544 0.029895366218236175
0 0.2684977578475336 0.9546586945690084 0.052690582959641255 0.05979073243647235
0 0.35482062780269064 0.9576482311908321 0.0571748878923767 0.06975585450921784
0 0.4540358744394619 0.9623816641753862 0.051569506726457416 0.0752366716492277
0 0.5375560538116592 0.968609865470852 0.04147982062780265 0.05580468360737427
0 0.6429372197309416 0.9793223716990533 0.03923766816143498 0.0413552566018933
0 0.9646860986547086 0.4394618834080717 0.04820627802690581 0.07374190333831585
0 0.8800448430493273 0.4005979073243647 0.05156950672645735 0.09167912306925764
0 0.7483183856502242 0.3756851021425012 0.08856502242152459 0.10164424514200299
0 0.6485426008968609 0.37468858993522675 0.06165919282511219 0.09965122072745394
0 0.5504484304932735 0.36771300448430494 0.06502242152466359 0.07374190333831593
0 0.461322869955157 0.3607374190333832 0.06838565022421526 0.09167912306925757
0 0.3475336322869956 0.3537618335824614 0.07623318385650223 0.09367214748380669
0 0.25784753363228696 0.3168908819133034 0.042600896860986524 0.07972097658196314
0 0.1726457399103139 0.2999501743896363 0.03811659192825113 0.07374190333831593
0 0.2836322869955157 0.02391629297458894 0.03139013452914799 0.04384653712007973
0 0.1782511210762332 0.008968609865470852 0.0336322869955157 0.017937219730941704
0 0.37443946188340804 0.03388141504733433 0.044843049327354195 0.055804683607374186
0 0.46917040358744394 0.04783258594917788 0.07062780269058294 0.06776283009466866
0 0.5487668161434978 0.04683607374190333 0.05269058295964136 0.06178375685102142
0 0.6440582959641256 0.042850024912805186 0.08856502242152466 0.06178375685102143
0 0.7578475336322871 0.08171400099651221 0.049327354260089745 0.05580468360737419
0 0.8850896860986546 0.114598903836572 0.0347533632286995 0.0737419033383159
0 0.968609865470852 0.1375186846038864 0.05829596412556043 0.0637767812655705
