0 0.03400428812999181 0.055239113073507075 0.06800857625998362 0.10419382172640948
0 0.11692580340095787 0.09142074410442028 0.04990975340151453 0.14194748405851
0 0.23097878354997284 0.08610207601491672 0.06546455532812258 0.1017599070784073
0 0.3625705716761364 0.1288852515955101 0.06262881159027878 0.11596043858107849
0 0.45583589310237216 0.13177000503701145 0.0662949552258645 0.10992353436922887
0 0.5360949831283456 0.11686025577600366 0.06979740279284087 0.13272858339617488
0 0.6403982716288358 0.1312712838353559 0.045370534289062625 0.09746666668027913
0 0.7295619581515916 0.16250828767800718 0.060689574059945864 0.08723414727868717
0 0.8207299420439043 0.17165940881209402 0.05561167785573598 0.10258385657711176
0 0.9138387331723666 0.1882450423585749 0.0562266069167721 0.09884716834884104
0 0.9873286902201118 0.5071177515300873 0.025342619559767302 0.1000498195281363
0 0.9090362948143307 0.4865662846748574 0.05427513078584358 0.10321627644319069
0 0.8144349495534773 0.4808654875161393 0.05487886771683483 0.10473047677617582
0 0.7243605848044881 0.45093125725375616 0.05196791848025215 0.10768114935385249
0 0.6440526998990995 0.43522647397814523 0.04772146864432196 0.08405215082820178
0 0.5514836323329376 0.4451925262469299 0.0544367339133739 0.10229656212817177
0 0.23553374438696142 0.3738836073605772 0.0677178999245414 0.10865869463707208
0 0.13076138822842115 0.3836571998006972 0.06100158818494952 0.1301609700837501
0 0.04068754671470015 0.3793170071904497 0.07439048961446897 0.10656990540620942
0 0.0332928157806532 0.6695414715481292 0.05746661069835923 0.09827257945096218
0 0.1333755418292648 0.6708831091725442 0.05698075484523506 0.12387470527107103
0 0.24348901343760052 0.6634856004122213 0.06694136773597549 0.11716744734503162
0 0.3668343329424132 0.7046588108435137 0.049661752645196365 0.07525610367130028
0 0.46049806612244093 0.7191945192032795 0.05651728325221386 0.08750154460753345
0 0.5487668161434968 0.7016882411457415 0.05044843049327397 0.10917545256674663
0 0.63550995887728 0.7252214748550775 0.0758673020223227 0.11726321216134997
0 0.7314753082978772 0.7299067928824711 0.06313600523296527 0.08861278855517687
0 0.8144994861574385 0.7462918784323168 0.05365005606529673 0.07937585116482246
0 0.9098987013964149 0.7785633283303549 0.06552961516734383 0.10156837744577882
0 0.9805859678612034 0.7891785885969389 0.03882806427758957 0.08094352488134972
0 0.046346795589795306 0.9620175718341888 0.05640850136332136 0.07596485633161858
0 0.13440514760390404 0.9697099122621539 0.056625018670565866 0.05838783645522974
0 0.24867412182489348 0.9575792030662902 0.06696270552553799 0.08264925484696006
0 0.37998030644536973 0.9778562863232316 0.03447283255276817 0.044287427353532645
0 0.4645082305673728 0.9794395147807597 0.03707072119380492 0.04112097043847764
0 0.5410971505985469 0.9784218568571004 0.06667202919009457 0.04315628628579815
0 0.984606801200919 0.20974513901292283 0.03078639759816115 0.09328473063389482
0 0.4665736060833725 0.4281482493353261 0.048024383580356274 0.04679907008982898
0 0.35611752384855294 0.4113891228842395 0.03415067276825342 0.08537668192063358
