0 0.22926516251585394 0.11923633945580421 0.04882016061740364 0.09325115437044486
0 0.2890328662195117 0.09199533300229693 0.05538606135951925 0.10400229209378392
0 0.35123633220140954 0.10699089851957146 0.0548788677168329 0.10520930085773954
0 0.44385419464699183 0.09008812484401474 0.06020371820682089 0.08366909156295071
0 0.537183529441911 0.1174158777498253 0.07363529521546511 0.12149862159127248
0 0.6245848000511302 0.1300832419954559 0.056755138349021156 0.09317528667422355
0 0.7285155641818778 0.12970920109421422 0.06353441698675985 0.12400840393549585
0 0.8352556614311487 0.13944485968622383 0.05495407321557158 0.1184901180453935
0 0.9518369207874872 0.18131733931580954 0.05396311666084158 0.08897781109240861
0 0.8406725056149523 0.44806640093234923 0.05720741781199045 0.11548161449951516
0 0.9587087163543129 0.4741961634382115 0.0363592488444673 0.0629907656149765
0 0.9468134155277235 0.7581253446191987 0.05419992528710761 0.07475738246964554
0 0.8377671524433954 0.7452185683327862 0.05762716735534805 0.1078925761065687
0 0.7262149944118473 0.7564395117736804 0.07130674512030766 0.13945573844230297
0 0.7291630231625273 0.46277467200068445 0.05943837814830711 0.10829367209983967
0 0.634787817633161 0.4421930410650578 0.04695612858580729 0.11507865811417205
0 0.5356696375199591 0.43612722136910764 0.0596325111954475 0.11241527998543381
0 0.4420973747984774 0.4222338814354661 0.06494721602592518 0.12418189684010245
0 0.3524056800787437 0.419282278661753 0.06778191329322879 0.12471855188986797
0 0.3431138639582173 0.6986797375998661 0.06638135285465416 0.12339588118950892
0 0.4343138545348771 0.7021191828191519 0.06378241774307734 0.10356140186033036
0 0.5324517469881286 0.7316414383321831 0.04983454790277487 0.08081418380158616
0 0.6231669281822075 0.724464374688592 0.06359947682598664 0.11459983403260843
0 0.22584299327737092 0.6785190997776024 0.02173139010390021 0.04562813478191211
0 0.20763591176527885 0.857220943372829 0.05808049328885658 0.08736784594311041
0 0.20347533632287004 0.9758805151384267 0.0514404335185433 0.0460466307026852
0 0.2768844918068503 0.9727779604705479 0.06310347531335153 0.05444407905890361
0 0.3407157044293478 0.9726053977619777 0.05444792604342555 0.054789204476043935
0 0.4287145926692543 0.9794563029124858 0.028113303458386193 0.04108739417502808
0 0.544605717465818 0.9818231356792659 0.018712705448966648 0.036353728641465265
0 0.2863932336133693 0.6866359563579699 0.031304783370899085 0.0360479323664899
