0 0.9448648946678749 0.9689525781124191 0.07232155650021663 0.062094843775161994
0 0.837055932996705 0.9645152147096752 0.06742266587573956 0.07096957058064986
0 0.7579229713145845 0.9583956153462907 0.06367371756491479 0.08320876930741841
0 0.6460705271235622 0.9684044933573099 0.06085430036134051 0.06099867426494136
0 0.5591080731094664 0.9471657581959052 0.055435877160618346 0.10566848360818973
0 0.47066998291178175 0.937818135554764 0.07435510144103209 0.12436372889047201
0 0.3754575490335002 0.9400410439674693 0.05775936914971187 0.09124879281714722
0 0.2824669327409111 0.9229533956395096 0.06711828578718951 0.11192423314486594
0 0.18471649750753855 0.909887947039636 0.07085280105776104 0.10327924110241343
0 0.9512715600375005 0.6803955586096408 0.08210686251033743 0.12413637483689761
0 0.830704370428685 0.6497749394110984 0.05216120450391168 0.08722893029740168
0 0.7426231337617734 0.6835817154521188 0.07077867805516237 0.10018766646818014
0 0.6558404211927443 0.645073430614208 0.06310366934783121 0.11726890011158109
0 0.5571857126725682 0.6308837730564306 0.0625526413317353 0.11926192452613649
0 0.4769592261580619 0.6328575534173145 0.05344037262180646 0.11866133193985268
0 0.3650444626453124 0.6387217592794435 0.08081326135220918 0.14195604800663322
0 0.27428517403890273 0.6225005891997832 0.06128068973396703 0.11147291857122071
0 0.18472732228772382 0.6124205997455188 0.06938930433405444 0.12640369483501873
0 0.08763319773391447 0.5984140338910304 0.05245573871295353 0.10293871643407115
0 0.01620050257955611 0.5962315030886396 0.03240100515911222 0.09023537376454777
0 0.015051874945567428 0.9169584566701442 0.030103749891134856 0.09424847962838676
0 0.09950387900537713 0.9111847555400469 0.05271681968075312 0.1005666792438555
0 0.9400775243262837 0.39805560779998095 0.07901651845945518 0.0958610929707466
0 0.8355419206321325 0.3390654664983901 0.05992476925409998 0.11130265623705014
0 0.7507222382613654 0.34331332351329663 0.0662464868409449 0.12569231234343042
0 0.6549397561660061 0.3440649343800827 0.07416092695571282 0.116975018503001
0 0.5545506240748097 0.32258890291747827 0.08040852153995556 0.1296317181127774
0 0.4597035749271183 0.34273838966523784 0.07033063912216156 0.1224642890656769
0 0.3611446389699162 0.3305907367901119 0.0824466536414831 0.14404235854069006
0 0.2814380208106382 0.32298074506226165 0.07661627410838545 0.14021841709333555
0 0.1861777006508739 0.3157899944852819 0.05466902509882005 0.1228048137340095
0 0.08346278299021961 0.2882602507727077 0.04790911445848447 0.08053847456216726
0 0.013219385231211274 0.276272368070982 0.02643877046242255 0.10038358754057454
0 0.938833124129324 0.058500338620612505 0.06618416751920211 0.11700067724122501
0 0.7477207860323348 0.04875445915013393 0.06788972500972529 0.09750891830026787
0 0.6552175637544186 0.033966546214419274 0.07681044859371526 0.06793309242883855
0 0.5324692263212828 0.03642371457172423 0.04947822962467038 0.07284742914344847
0 0.45352322260435834 0.03756716758329174 0.04966255823048682 0.07513433516658348
0 0.34738636518247934 0.035684933074048394 0.05870070393781884 0.0633977684899004
0 0.2707195754332254 0.014630479970655572 0.022318535580581805 0.02527491111221292
0 0.003197920294722011 0.01398557127766903 0.006395840589444022 0.026606697141250933
0 0.07376536146492137 0.0335047292247131 0.06054729091340361 0.058822783073265404
0 0.8271953829014282 0.0358167073008866 0.036669486046145935 0.0504086991642108
