0 0.25 0.36771300448430494 0.08295964125560537 0.13353263577478827
0 0.3654708520179372 0.3866467364225212 0.0672645739910314 0.09965122072745387
0 0.460762331838565 0.4035874439461884 0.06502242152466366 0.08570004982561037
0 0.5510089686098655 0.40259093173891386 0.06165919282511211 0.11160936721474833
0 0.6597533632286995 0.43348281016442447 0.04820627802690573 0.0857000498256103
0 0.7460762331838563 0.42850024912805185 0.05717488789237663 0.07972097658196318
0 0.8424887892376682 0.44544095665171896 0.05717488789237663 0.10961634280019929
0 0.9422645739910314 0.43846537120079726 0.05493273542600889 0.11559541604384649
0 0.9865470852017938 0.787443943147227 0.026905829596412474 0.052217233578957974
0 0.9321748878923767 0.7633283507722969 0.05941704035874437 0.08769307424015949
0 0.8380044843049328 0.7513702042850025 0.05941704035874452 0.09167912306925757
0 0.7471973094170404 0.7274539113104135 0.04372197309417032 0.08370702541106127
0 0.664237668161435 0.7214748380667664 0.06614349775784753 0.09965122072745401
0 0.5532511210762333 0.6925759840558047 0.04147982062780265 0.08570004982561046
0 0.46356502242152464 0.6895864474339811 0.08183856502242151 0.1036372695565521
0 0.3609865470852017 0.6666666666666667 0.03811659192825111 0.07374190333831593
0 0.2584080717488789 0.6686596910812157 0.028026905829596417 0.077727952167414
0 0.125 0.6656701544593921 0.06390134529147984 0.05979073243647243
0 0.033632286995515695 0.6606875934230194 0.06278026905829596 0.09367214748380669
0 0.1132286995515695 0.3188839063278525 0.03363228699551568 0.05979073243647239
0 0.03587443946188341 0.3517688091679123 0.04708520179372197 0.08570004982561037
0 0.9349775784753364 0.14150473343298456 0.04260089686098666 0.07972097658196314
0 0.8307174887892377 0.1195814648729447 0.06278026905829591 0.07972097658196313
0 0.7511210762331839 0.1175884404583956 0.06950672645739914 0.11958146487294467
0 0.665358744394619 0.10861983059292477 0.06165919282511204 0.10164424514200299
0 0.5526905829596412 0.07075236671649228 0.058295964125560505 0.09367214748380669
0 0.4708520179372197 0.06178375685102143 0.0672645739910314 0.09566517189835576
0 0.36771300448430494 0.058794220229197815 0.047085201793722005 0.06576980568011959
0 0.25168161434977576 0.05381165919282511 0.0795964125560538 0.07972097658196312
0 0.12556053811659193 0.03786746387643249 0.04260089686098656 0.0637767812655705
0 0.033071748878923765 0.05281514698555057 0.061659192825112105 0.09765819631290483
0 0.03867713004484305 0.9626307922272048 0.03699551569506727 0.03986048829098152
0 0.1294843049327354 0.9725959142999503 0.0661434977578475 0.04384653712007989
0 0.2634529147982063 0.9763328350772297 0.05605381165919279 0.04733432984554071
0 0.3665919282511211 0.9763328350772297 0.056053811659192834 0.04733432984554071
0 0.4815022421524664 0.9773293472845043 0.08183856502242143 0.045341305430991526
0 0.5605381165919282 0.9825610363726954 0.01569506726457405 0.011958146487294385
0 0.6704035874439461 0.9835575485799701 0.04035874439461892 0.025909317389138094
0 0.8464125560538116 0.986297957149975 0.029147982062780357 0.027404085700049877
