0 0.9596412556053813 0.3736920777279522 0.05381165919282509 0.08968609865470846
0 0.960201793721973 0.08968609865470852 0.0347533632286995 0.06776283009466864
0 0.8408071748878925 0.05680119581464873 0.05381165919282509 0.09367214748380669
0 0.7488789237668161 0.05480817140009966 0.06726457399103154 0.09367214748380669
0 0.6418161434977578 0.04085700049825611 0.05941704035874437 0.06576980568011959
0 0.5599775784753364 0.029895366218236172 0.05044843049327355 0.05580468360737419
0 0.45347533632286996 0.022919780767314397 0.0661434977578476 0.04185351270553064
0 0.37443946188340804 0.021923268560039864 0.047085201793721936 0.03188839063278525
0 0.21917040358744394 0.06576980568011959 0.08408071748878918 0.08769307424015946
0 0.20908071748878926 0.1803687095166916 0.04596412556053814 0.05779770802192326
0 0.23206278026905827 0.3368211260587943 0.03811659192825115 0.0558046836073742
0 0.2998878923766817 0.3188839063278525 0.043721973094170356 0.06377678126557047
0 0.36771300448430494 0.31988041853512705 0.058295964125560505 0.08570004982561041
0 0.4669282511210763 0.32286995515695066 0.0571748878923767 0.08370702541106127
0 0.5532511210762333 0.330842052815147 0.06838565022421526 0.07174887892376682
0 0.6468609865470853 0.3487792725460887 0.047085201793722005 0.075734927752865
0 0.7483183856502242 0.34778276033881417 0.04820627802690581 0.06975585450921773
0 0.8480941704035874 0.3467862481315396 0.05269058295964129 0.07573492775286496
0 0.36771300448430494 0.6158445440956651 0.06278026905829591 0.08769307424015949
0 0.46860986547085204 0.6317887394120577 0.05381165919282516 0.09965122072745387
0 0.5532511210762332 0.6387643248629796 0.04596412556053806 0.07374190333831593
0 0.6502242152466369 0.6517189835575485 0.047085201793722005 0.07972097658196318
0 0.7393497757847534 0.6646736422521177 0.05941704035874437 0.061783756851021464
0 0.835762331838565 0.6527154957648231 0.04596412556053821 0.07772795216741407
0 0.35762331838565026 0.9068261086198306 0.042600896860986524 0.09566517189835565
0 0.4562780269058296 0.914798206278027 0.06502242152466366 0.07174887892376675
0 0.5566143497757847 0.9377179870453412 0.03475336322869964 0.049825610363727006
0 0.6356502242152466 0.9267563527653213 0.044843049327354195 0.08769307424015949
0 0.7253363228699553 0.9486796213253612 0.058295964125560575 0.07174887892376688
0 0.8475336322869955 0.9556552067762831 0.05829596412556043 0.08171400099651223
0 0.9473094170403588 0.9506726457399103 0.047085201793722005 0.07174887892376675
