0 0.033071748878923765 0.2700548081714001 0.061659192825112105 0.10563029397110114
0 0.1412556053811659 0.2969606377678127 0.08071748878923769 0.10762331838565022
0 0.24327354260089684 0.28101644245142005 0.0650224215246637 0.12356751370204283
0 0.32903587443946186 0.28799202790234185 0.06165919282511211 0.09367214748380671
0 0.4411434977578476 0.30792227204783257 0.06390134529147978 0.11360239162929744
0 0.5420403587443946 0.3069257598405581 0.09304932735426007 0.14349775784753366
0 0.6541479820627802 0.3089187842551071 0.06838565022421526 0.11958146487294467
0 0.7617713004484306 0.31290483308420525 0.07511210762331842 0.1116093672147484
0 0.8469730941704035 0.3039362232187344 0.05044843049327355 0.08968609865470857
0 0.9680493273542601 0.38863976083707025 0.050448430493273404 0.10762331838565017
0 0.9719730941704036 0.6828101613834002 0.056053811659192834 0.09008469745539045
0 0.8458520179372198 0.6567015445939213 0.05493273542600889 0.061783756851021325
0 0.7544843049327354 0.6955655206776282 0.0672645739910314 0.08769307424015949
0 0.6530269058295964 0.6447433981066268 0.07062780269058301 0.10563029397110114
0 0.5498878923766816 0.6457399103139013 0.07511210762331849 0.1036372695565521
0 0.4461883408071749 0.6297957149975087 0.07174887892376682 0.09167912306925764
0 0.336322869955157 0.6367713004484304 0.06726457399103143 0.10961634280019936
0 0.23542600896860985 0.6268061783756851 0.058295964125560505 0.07374190333831578
0 0.1373318385650224 0.6038863976083707 0.08408071748878923 0.07972097658196318
0 0.02914798206278027 0.5939212755356253 0.03587443946188341 0.09167912306925764
0 0.0397982062780269 0.9397110114598903 0.04820627802690582 0.09765819631290469
0 0.13004484304932734 0.9417040358744394 0.06278026905829596 0.09367214748380662
0 0.23822869955156953 0.9436970602889886 0.04147982062780276 0.07374190333831578
0 0.3464125560538116 0.9673642252117588 0.05381165919282516 0.06527154957648236
0 0.44786995515695066 0.9484304932735427 0.06390134529147985 0.1031390134529147
0 0.5515695067264573 0.9663677130044843 0.05605381165919276 0.0672645739910314
0 0.6479820627802692 0.9763328350772297 0.058295964125560505 0.04733432984554071
0 0.7589686098654709 0.9793223716990533 0.07847533632286996 0.0413552566018933
0 0.8497757847533631 0.9773293472845043 0.06726457399103125 0.045341305430991526
0 0.9596412556053813 0.9835575485799701 0.058295964125560575 0.025909317389138094
0 0.9674887892376682 0.01295465869456901 0.06278026905829606 0.02590931738913802
0 0.7628923766816144 0.015944195316392625 0.06614349775784746 0.03188839063278525
