0 0.07679372197309417 0.3726955655206776 0.14013452914798208 0.19531639262580966
0 0.2763452914798206 0.3418036870951669 0.12219730941704032 0.20926756352765324
0 0.4332959641255606 0.3557548579970104 0.140134529147982 0.2610861983059292
0 0.5868834080717488 0.38266068759342303 0.13116591928251117 0.26706527154957643
0 0.7729820627802692 0.3726955655206776 0.1535874439461884 0.2790234180368709
0 0.9495515695067265 0.3908320846519604 0.1008968609865471 0.1558545031355101
0 0.08744394618834081 0.7055306427503737 0.14349775784753363 0.19531639262580966
0 0.2920403587443946 0.7204783258594918 0.10201793721973093 0.19332336821126042
0 0.4316143497757848 0.7274539113104135 0.12780269058295965 0.2351768809167912
0 0.5964125560538117 0.7105132037867463 0.13004484304932745 0.2770303936223219
0 0.7903587443946187 0.7463876432486297 0.15919282511210753 0.28101644245142005
0 0.9545964125560539 0.7695067234162852 0.09080717488789233 0.2355754797174734
0 0.5924887892376682 0.014947683109118086 0.03699551569506731 0.029895366218236172
0 0.08800448430493274 0.014947683109118086 0.036995515695067246 0.029895366218236172
