0 0.1468609865470852 0.15246636771300448 0.15695067264573992 0.24514200298953662
0 0.008968609865470852 0.14728449967350601 0.017937219730941704 0.07214749293001839
0 0.3424887892376681 0.1704035874439462 0.15582959641255606 0.2212257100149477
0 0.5 0.14329845084440784 0.13228699551569506 0.26746388555582806
0 0.6838565022421526 0.18933731938216242 0.1300448430493274 0.21923268560039857
0 0.8447309417040358 0.18834080717488788 0.13116591928251126 0.1733931240657698
0 0.1227578475336323 0.6148480318883907 0.10201793721973097 0.1973094170403588
0 0.32791479820627806 0.6048829098156453 0.10201793721973093 0.18136522172396624
0 0.4837443946188341 0.6198305929247633 0.12668161434977585 0.22321873442949675
0 0.664237668161435 0.6407573492775288 0.09977578475336323 0.16940707523667164
0 0.8514573991031389 0.6606875934230194 0.10650224215246638 0.1973094170403587
0 0.961322869955157 0.6844045793944826 0.07735426008968602 0.18893870537591084
