0 0.10757894980297776 0.3061380153723759 0.11169113820463675 0.18023881925790752
0 0.07804110377605161 0.7504841205501595 0.12469207302295522 0.18621789250155335
0 0.28260202146596786 0.8021923268560042 0.0801726245674247 0.165421026407574
0 0.25020824255687485 0.3843818422846346 0.13458239028127042 0.2195871190943364
0 0.48217133840576337 0.37067099011400567 0.12136433918954212 0.20322538829976028
0 0.48568749382469245 0.804185351270553 0.10185406324552773 0.18933731938216247
0 0.6670403587443959 0.8497372675857846 0.0960138183731333 0.18342134812276137
0 0.8125986476510263 0.8492056173448779 0.10581539846610126 0.1878249324300434
0 0.7899156381312659 0.39680485073829835 0.10727782300417786 0.1863125454779221
0 0.6612178613050665 0.3727939047873408 0.08476756117515497 0.13211490179903823
0 0.8167484044571124 0.03664640843400478 0.03932640532677927 0.07329281686800956
0 0.6581448121494903 0.04036058753976571 0.025820248229367265 0.08072117507953142
0 0.5030730491555783 0.03481482527036337 0.10964835457861141 0.06962965054072674
0 0.3181064179350647 0.029655047487021663 0.06222180447999452 0.059310094974043326
0 0.8196785597365925 0.9464722997362799 0.0020072887598897183 0.004758017801219694
