0 0.12219730941704036 0.10264075734927754 0.12780269058295965 0.18136522172396613
0 0.312780269058296 0.07274539113104135 0.12331838565022422 0.13751868460388642
0 0.508408071748879 0.1295465869456901 0.1244394618834081 0.15146985550572992
0 0.6872197309417041 0.12356751370204286 0.0829596412556053 0.13153961136023917
0 0.8480941704035874 0.08769307424015946 0.14013452914798208 0.1395117090184355
0 0.8402466367713004 0.6965620328849027 0.09753363228699556 0.11758844045839552
0 0.710201793721973 0.5939212755356253 0.10874439461883412 0.17538614848031878
0 0.5089686098654709 0.5630293971101146 0.16143497757847533 0.20926756352765324
0 0.3077354260089686 0.5281514698555057 0.10650224215246634 0.15146985550573
0 0.1008968609865471 0.4892874937717987 0.07174887892376683 0.13353263577478836
0 0.07903587443946188 0.9217737917289486 0.1132286995515695 0.13751868460388636
0 0.297085201793722 0.9593921275535625 0.10538116591928251 0.08121574489287496
0 0.4893497757847534 0.9534130543099153 0.09529147982062788 0.09317389138016935
0 0.6188340807174888 0.9414549078226208 0.08520179372197319 0.1170901843547584
