0 0.025039553608150373 0.32730148721935926 0.05007910721630074 0.13568968811423607
0 0.21346279668909524 0.34866790173776185 0.08311140666545352 0.14386122711839444
0 0.389428909045651 0.30997983522181066 0.10262473841317611 0.1967348562881897
0 0.5631924485885819 0.3588909473407129 0.07655637427959551 0.15354489388272896
0 0.7332597392071708 0.35107122747206954 0.11327483240545048 0.21497683159823705
0 0.9117910642302108 0.36078425108228174 0.08889476604575419 0.1731116687573593
0 0.8967126279607801 0.7263518533624859 0.06738986615040041 0.08591114130691846
0 0.7315055187530369 0.7125882421637455 0.06736365334587688 0.11522029663764029
0 0.5571583746665721 0.667158981948877 0.07725544118079676 0.11322727222309131
0 0.3598061013729011 0.6716550527707144 0.09869428817292643 0.159453603299273
0 0.1787918693664526 0.6643043479135834 0.0976523712452315 0.12128138384373582
0 0.02774001845868048 0.7131100038537244 0.05548003691736096 0.19879842365362277
