0 0.06446188340807174 0.43049327354260086 0.0975336322869955 0.1714000996512207
0 0.24159192825112108 0.4125560538116592 0.09529147982062781 0.17538614848031892
0 0.413677130044843 0.3946188340807175 0.11659192825112108 0.21524663677130046
0 0.5695067264573992 0.37468858993522675 0.11883408071748881 0.19531639262580971
0 0.7589686098654709 0.3218734429496762 0.11210762331838567 0.21325361235675136
0 0.9338565022421526 0.28300946686596906 0.09192825112107628 0.1474838066766318
0 0.13845291479820626 0.8849028400597908 0.11995515695067262 0.16342800199302446
0 0.3195067264573991 0.8759342301943198 0.12107623318385642 0.16143497757847527
0 0.4663677130044843 0.8440458395615346 0.11659192825112101 0.16940707523667173
0 0.5980941704035874 0.7613353263577478 0.08183856502242143 0.1714000996512206
0 0.8155829596412556 0.7713004484304932 0.13340807174887886 0.22321873442949666
0 0.9669282511210762 0.750572991478069 0.0661434977578476 0.201694064670139
0 0.023542600896860985 0.8960637737401516 0.04708520179372197 0.11718984165771375
