0 0.04708520179372197 0.18335824613851517 0.09192825112107623 0.12356751370204284
0 0.2057174887892377 0.19133034379671152 0.16928251121076238 0.23916292974588937
0 0.37724215246636766 0.18834080717488788 0.1154708520179372 0.2132536123567514
0 0.5667040358744394 0.20229197807673147 0.11547085201793714 0.2092675635276532
0 0.7690582959641256 0.21026407573492775 0.11659192825112101 0.1813652217239661
0 0.9405829596412556 0.21544593617164143 0.11883408071748874 0.12396611250272484
0 0.03867713004484305 0.623019428946928 0.0773542600896861 0.14509218346140074
0 0.18553811659192823 0.6287992027902343 0.09753363228699552 0.1255605381165919
0 0.3727578475336323 0.6158445440956651 0.12892376681614348 0.16741405082212255
0 0.5840807174887892 0.6228201295465869 0.09641255605381176 0.16940707523667164
0 0.7651345291479821 0.5929247633283508 0.10201793721973104 0.11758844045839552
0 0.9473094170403588 0.6140508190814571 0.10538116591928244 0.13991030781911762
0 0.5784753363228698 0.9723467862481315 0.03587443946188344 0.05530642750373687
0 0.7858744394618833 0.9773293472845043 0.03811659192825104 0.045341305430991526
0 0.9422645739910314 0.9753363228699551 0.03923766816143484 0.049327354260089745
0 0.2012331838565022 0.9825610363726957 0.021300448430493297 0.023916292974589054
0 0.38621076233183854 0.9795714997508721 0.021300448430493262 0.029895366218236175
