0 0.0726603687306991 0.19810359349068846 0.056458551471449514 0.10089904895977383
0 0.15182809833375552 0.2115352254971257 0.05196965937797492 0.10968864459817612
0 0.2710633106034396 0.21423729519491655 0.05916776307180771 0.10333055857885602
0 0.4083124949660478 0.25212400312501476 0.05738808257869224 0.11412600800091552
0 0.4931262754963868 0.28340538648696445 0.06051646703155853 0.1084408163658543
0 0.5814289022704161 0.28037328428160035 0.06038002470722104 0.1143090997041977
0 0.6675182426585805 0.28500249128052124 0.05710535205051604 0.0903076755625243
0 0.7682127337390089 0.3119508864604807 0.0594360605597287 0.11102160399757874
0 0.856162115242317 0.30324642198915724 0.04958121870777126 0.0963975387114744
0 0.9492245609571377 0.32457551264747325 0.06904425448414761 0.08636011484075501
0 0.9430071471330792 0.6117541200458173 0.05363913426786819 0.08865985023300343
0 0.8510621693913876 0.6115646136579921 0.06658890733146333 0.09622727637730497
0 0.7624384359081808 0.5847695739668791 0.0495405489464047 0.05628165691924016
0 0.6654138471962356 0.5892325961078418 0.049816062954454135 0.09384240981797885
0 0.5801257910117887 0.5873970046583539 0.057744936109460764 0.08000202882143892
0 0.49692540366905985 0.564777520184178 0.05299955020892689 0.11002916926651608
0 0.40608346086023517 0.5589751239592596 0.05773050306921111 0.10150779649847491
0 0.170252712079367 0.5338430761751245 0.06576499466670391 0.11800126692470778
0 0.06973664776433292 0.5202283524654121 0.05483696286303954 0.10025996826616057
0 0.06689328742001276 0.7949846694337118 0.07244815294505995 0.11336798244957824
0 0.1545205833134962 0.8317512458821258 0.04784942449613601 0.13222066069691504
0 0.2693889127737876 0.8229488208746133 0.06191305727278934 0.09356135757849722
0 0.39909953075339516 0.8698571964144967 0.06147945138003486 0.10066463978005062
0 0.4915368254495212 0.8601369756822439 0.06600442607412967 0.10056667924385812
0 0.571147671045818 0.848345014052896 0.0691137903260074 0.11625548105899088
0 0.6749023254169318 0.8666484171903908 0.0448719154078514 0.08534669578816015
0 0.762782171078397 0.8983408867507849 0.061328576015452045 0.07774078153652622
0 0.8533630329194273 0.9089958100531103 0.05423083204533572 0.11328285128248847
0 0.9454109997442126 0.914517154038554 0.05642509823021133 0.09111701859030653
0 0.9389636646132244 0.043644201363134266 0.05520562007467485 0.08728840272626853
0 0.8491398089544892 0.03472457176576095 0.0695808494599925 0.0694491435315219
0 0.7562449652248682 0.03656424069146167 0.0626700634550761 0.07312848138292334
0 0.6693136708716309 0.02339675407918058 0.05310253929201987 0.04679350815836116
0 0.5777255466607063 0.01921478417769189 0.035366710566532684 0.03842956835538378
0 0.49636125729239944 0.01423222314131909 0.02543511635258304 0.02846444628263818
0 0.011152051270166472 0.22432941487002933 0.022304102540332944 0.0574247679594621
0 0.0083457524271445 0.49985728590704104 0.016691504854289 0.0698666444145244
0 0.01054001861202718 0.814330528689991 0.02108003722405436 0.05120313058368606
0 0.26915829147243747 0.5173524387905837 0.027502114534609615 0.0348691753617098
