0 0.9545964125560539 0.3408071748878924 0.05717488789237663 0.1116093672147484
0 0.8649103139013454 0.31290483308420525 0.05044843049327355 0.07174887892376684
0 0.7707399103139013 0.30493273542600896 0.023542600896861075 0.07174887892376677
0 0.6832959641255605 0.27802690582959644 0.05717488789237663 0.08570004982561034
0 0.600896860986547 0.28101644245142 0.049327354260089745 0.08769307424015942
0 0.5044843049327354 0.24912805181863476 0.051569506726457416 0.08769307424015942
0 0.4321748878923766 0.2580966616841056 0.03699551569506731 0.0697558545092177
0 0.3223094170403587 0.21026407573492775 0.030269058295964123 0.07374190333831585
0 0.5100896860986547 0.010961634280019929 0.06278026905829591 0.021923268560039857
0 0.6104260089686098 0.03089187842551071 0.05269058295964129 0.06178375685102142
0 0.7640134529147982 0.029895366218236172 0.06390134529147985 0.05580468360737419
0 0.8536995515695068 0.027902341803687097 0.06165919282511211 0.05580468360737419
0 0.9400224215246636 0.027902341803687093 0.05941704035874437 0.055804683607374186
0 0.9439461883408071 0.587942202291978 0.05381165919282523 0.08370702541106134
0 0.8587443946188341 0.5700049825610364 0.05156950672645735 0.08370702541106119
0 0.7679372197309416 0.5660189337319381 0.060538116591928176 0.07972097658196312
0 0.6698430493273543 0.5540607872446438 0.04596412556053806 0.06377678126557036
0 0.5986547085201793 0.5560538116591929 0.06278026905829598 0.07972097658196318
0 0.5050448430493273 0.5381165919282511 0.03475336322869943 0.05979073243647235
0 0.42096412556053814 0.5261584454409567 0.03923766816143498 0.06776283009466873
0 0.31390134529147984 0.5012456402590932 0.04035874439461882 0.05381165919282516
0 0.1782511210762332 0.23218734429496762 0.051569506726457416 0.07772795216741404
0 0.1008968609865471 0.20029895366218234 0.03811659192825113 0.06576980568011959
0 0.02746636771300448 0.17937219730941703 0.032511210762331835 0.06776283009466866
0 0.0257847533632287 0.4573991031390135 0.04035874439461883 0.07374190333831585
0 0.1031390134529148 0.46836073741903334 0.05829596412556052 0.0637767812655705
0 0.18329596412556054 0.48629795714997504 0.05269058295964122 0.06776283009466866
0 0.09697309417040359 0.763328350772297 0.03026905829596414 0.06776283009466866
0 0.026905829596412557 0.7324364723467863 0.04932735426008969 0.06576980568011961
0 0.1804932735426009 0.7792725460886897 0.04035874439461885 0.04783258594917797
0 0.3032511210762332 0.8031888390632784 0.036995515695067274 0.03986048829098152
0 0.4181614349775785 0.8400597907324365 0.05156950672645735 0.0857000498256103
0 0.5044843049327354 0.8251121076233184 0.049327354260089606 0.07573492775286511
0 0.6093049327354261 0.8470353761833581 0.04596412556053821 0.07174887892376675
0 0.6956278026905829 0.8550074738415546 0.05717488789237677 0.08769307424015949
0 0.7825112107623318 0.8669656203288489 0.05381165919282509 0.09167912306925757
0 0.9742152466367713 0.877927254608869 0.042600896860986524 0.07374190333831593
