0 0.9119955156950672 0.3657199800697558 0.05269058295964129 0.11360239162929744
0 0.07455156950672645 0.23318385650224216 0.0594170403587444 0.09167912306925764
0 0.17208520179372197 0.24912805181863476 0.06390134529147985 0.07174887892376684
0 0.2539237668161435 0.25610363726955654 0.05493273542600896 0.08570004982561037
0 0.3318385650224215 0.27105132037867463 0.04932735426008964 0.10762331838565017
0 0.4243273542600898 0.3089187842551071 0.06390134529147978 0.127553562531141
0 0.5566143497757846 0.2999501743896363 0.06838565022421526 0.09367214748380671
0 0.672645739910314 0.33482810164424515 0.05381165919282509 0.10762331838565017
0 0.756726457399103 0.34977578475336324 0.07399103139013448 0.14150473343298453
0 0.8385650224215246 0.36771300448430494 0.0672645739910314 0.10164424514200295
0 0.08352017937219731 0.5161933233682113 0.057174887892376694 0.11559541604384656
0 0.06894618834080718 0.8021923268560038 0.04596412556053812 0.09367214748380676
0 0.16704035874439463 0.5301444942700548 0.0493273542600897 0.09167912306925757
0 0.17320627802690583 0.8161434977578474 0.052690582959641234 0.10164424514200292
0 0.2556053811659193 0.5430991529646237 0.04932735426008964 0.08968609865470846
0 0.32623318385650224 0.5500747384155455 0.04708520179372197 0.07573492775286496
0 0.25672645739910316 0.8231190832087694 0.04932735426008964 0.06776283009466866
0 0.33968609865470856 0.83208769307424 0.04260089686098656 0.08968609865470867
0 0.41031390134529144 0.5590433482810164 0.05381165919282509 0.10164424514200299
0 0.5515695067264573 0.5889387144992526 0.044843049327354334 0.07772795216741414
0 0.6580717488789238 0.6128550074738416 0.06502242152466366 0.08171400099651223
0 0.7516816143497758 0.6297957149975086 0.04820627802690581 0.0956651718983558
0 0.8295964125560538 0.635774788241156 0.047085201793721866 0.07573492775286503
0 0.9125560538116592 0.6397608370702542 0.05381165919282523 0.09965122072745387
0 0.9837443946188341 0.6399601364705951 0.0325112107623319 0.07214747772444888
0 0.4119955156950673 0.8659691081215746 0.03923766816143498 0.06178375685102153
0 0.6653587443946187 0.914798206278027 0.04372197309417047 0.07573492775286482
0 0.7371076233183856 0.9078226208271051 0.05044843049327355 0.06576980568011961
0 0.836322869955157 0.9387144992526159 0.044843049327354265 0.06377678126557043
0 0.9187219730941704 0.9237668161434976 0.05044843049327355 0.09765819631290483
0 0.9831838565022422 0.9339312376165841 0.0336322869955157 0.08609864862629238
0 0.25672645739910316 0.017937219730941704 0.04035874439461885 0.03587443946188341
0 0.3352017937219731 0.02491280518186348 0.06726457399103143 0.04982561036372696
0 0.4338565022421525 0.026905829596412554 0.042600896860986524 0.05381165919282511
0 0.5594170403587444 0.025909317389138015 0.04035874439461885 0.039860488290981565
0 0.6608744394618834 0.04285002491280518 0.06390134529147985 0.0737419033383159
0 0.7483183856502242 0.06078724464374689 0.0661434977578476 0.08570004982561037
0 0.8469730941704037 0.07374190333831589 0.06165919282511211 0.08769307424015943
0 0.9904708520179372 0.09387144688414767 0.01905829596412559 0.060189331237154337
