0 0.664457714116293 0.39897891813913 0.07000781356162492 0.12641704447656368
0 0.7929157169946507 0.4442131602751245 0.05201924977454982 0.09762388115425201
0 0.8817104365094042 0.44928425442082104 0.05226014218829249 0.10317470121791335
0 0.977623449641129 0.46592854304237563 0.04475310071773582 0.11098221425187059
0 0.9779286186364243 0.7469535642834586 0.044142762727146685 0.09996636202117931
0 0.8853691830658792 0.7517613970936412 0.05062832771251098 0.090896737451976
0 0.7758490299447779 0.7689248099969661 0.052057854328034864 0.09091389503130198
0 0.5744616208971065 0.3825721544840989 0.04956824667382932 0.10524184637515269
0 0.9022607984656971 0.13613955837763392 0.06197073157172782 0.12746777463450898
0 0.9820676058382416 0.1400148333129305 0.03586478832351135 0.07332613175273796
0 0.8011133939270401 0.09815507981019586 0.0809680323413503 0.11620073544248008
0 0.6730761806816639 0.11326541677132797 0.06778496337199985 0.11403064480928314
0 0.5731093033885525 0.08379555852038532 0.0645630273381993 0.11324825919200161
0 0.4956506179816912 0.06062733600442526 0.060448167982309814 0.11751981014109016
0 0.38299210768508474 0.04927450891576445 0.05258133207328024 0.0985490178315289
0 0.2578378824939164 0.04619643918461692 0.06055741886867029 0.09239287836923384
0 0.29675918633954695 0.04178213717553294 0.051739752807322945 0.08356427435106588
0 0.15508433550754178 0.045813825165639234 0.05736443624998446 0.09162765033127847
0 0.15747106202670774 0.16554661988824232 0.05137030723047857 0.07997216354330092
0 0.1678257683850325 0.3295343021188925 0.03828683800911696 0.06482751142351624
0 0.17127412012501683 0.510214250124562 0.04758628889794804 0.08705343968287234
0 0.16600923112082902 0.6485067415560682 0.05467254073552486 0.0953281970403855
0 0.1612550803592384 0.7948552617330661 0.05120971228798387 0.08375603503915356
0 0.13777193047474307 0.9123968314755095 0.024082292554571505 0.05473679587010097
0 0.24564579241250642 0.6475188081384572 0.05317236778712489 0.09609342507834187
0 0.28800097129056557 0.34264886945278233 0.06389169415310868 0.11248303115404631
0 0.39014418028635306 0.35667141588462464 0.0631207612200272 0.11753696772041662
0 0.49552052063644925 0.3726413475700051 0.04625327366613523 0.09612774023699436
0 0.2978706114343597 0.6354179105911674 0.0636121971858825 0.09762388115425204
0 0.2220678683492072 0.9369613377970479 0.044152413865520365 0.08322729949309467
0 0.28920234499499675 0.9344172119345369 0.06629444156197094 0.09379774096447671
0 0.3794843049327353 0.9601573555915176 0.043721973094170447 0.0796852888169649
0 0.3879421765556088 0.655784986706307 0.06442173467244817 0.11144945857542629
0 0.4700361106993293 0.9590180923242477 0.05768562613497375 0.08196381535150418
0 0.5626003718390593 0.9745625160423375 0.04448325488888036 0.05087496791532498
0 0.5669545794265501 0.6840356273703171 0.03853738156123055 0.09193031003059589
0 0.6614253264401 0.7197673157722049 0.03999894995614643 0.08157124993651627
0 0.6525258187253686 0.9728186196796057 0.06180048549086284 0.05137322401896323
0 0.7814800831387666 0.9761108160007459 0.022800621378893385 0.04478883137668211
0 0.4812870217667915 0.685840261563865 0.04329153232282044 0.07126915300580121
