0 0.14630044843049325 0.23816641753861487 0.10201793721973094 0.14947683109118087
0 0.29708520179372194 0.2501245640259093 0.11883408071748874 0.15744892874937721
0 0.452914798206278 0.2521175884404584 0.10313901345291476 0.16143497757847539
0 0.6205156950672647 0.23517688091679126 0.09977578475336323 0.16342800199302446
0 0.758968609865471 0.20926756352765324 0.10089686098654696 0.1036372695565521
0 0.8105381165919283 0.6437468858993524 0.08520179372197291 0.12356751370204293
0 0.6625560538116592 0.6856003986048829 0.09192825112107635 0.14748380667663186
0 0.5022421524663677 0.6995515695067265 0.08744394618834078 0.11160936721474826
0 0.34585201793721976 0.6945690084703537 0.09753363228699548 0.11360239162929744
0 0.1961883408071749 0.7125062282012955 0.056053811659192834 0.13751868460388636
0 0.06782511210762332 0.7125062282012955 0.0773542600896861 0.13751868460388636
0 0.02130044843049327 0.26128549770627024 0.04260089686098654 0.1550573055341461
0 0.9742152466367713 0.16263078918609086 0.05156950672645749 0.10602889277178312
0 0.9798206278026906 0.6389636242633205 0.040358744394618784 0.1339312345754702
0 0.8010089686098655 0.9853014449427004 0.0683856502242152 0.029397110114598918
