0 0.10056778648731055 0.2803622150037501 0.14716820002148723 0.27521942163704693
0 0.3005556285943284 0.3278221741217766 0.09619815985169901 0.1773184887517757
0 0.48103183472168104 0.3773443637700397 0.09602748569925203 0.16411257151223657
0 0.6702793219276444 0.38935467242782784 0.10821319772314322 0.2060874525039524
0 0.8899931962164308 0.43718725837700534 0.12387413015722885 0.19038599375992735
0 0.8223435518708381 0.7933839493208558 0.12015996593359937 0.18114908140427433
0 0.6958934011384227 0.7350145180933072 0.11269750265587533 0.19662484752114273
0 0.5174886733249892 0.7307942546644418 0.12953819376494644 0.22490833812858496
0 0.2855235039378127 0.7434066285994034 0.08239430952942549 0.07982530092294163
0 0.10484996902359127 0.6747297905394979 0.10053633824330242 0.19910334508042907
