0 0.10930493273542602 0.2640757349277529 0.1289237668161435 0.20528151469855507
0 0.30549327354260086 0.3109118086696562 0.10201793721973086 0.16342800199302437
0 0.47869955156950666 0.31190832087693077 0.09192825112107621 0.177379172894868
0 0.618273542600897 0.317887394120578 0.06165919282511204 0.10563029397110117
0 0.7696188340807174 0.4334828101644246 0.10650224215246638 0.1255605381165919
0 0.7914798206278028 0.8609865470852018 0.08968609865470853 0.13552566018933732
0 0.6121076233183856 0.7643248629795716 0.09865470852017949 0.17737917289486788
0 0.4859865470852018 0.7663178873941205 0.07735426008968602 0.12954658694569018
0 0.2802690582959641 0.7304434479322371 0.13677130044843047 0.1853512705530642
0 0.10145739910313901 0.7463876432486297 0.1423766816143498 0.2212257100149477
