0 0.9009519525557809 0.2151508719549871 0.03474217109864739 0.06239627959700849
0 0.9033506353199209 0.498601229054409 0.03843979818330854 0.07642517858714695
0 0.9110899102985822 0.7885763328112547 0.042018497719565825 0.0931933234022429
0 0.7708639106920624 0.18927047004995018 0.05229217120584811 0.07548556715203701
0 0.6979939555351106 0.19048742737395094 0.04757001117630505 0.11467570172882877
0 0.622536780631903 0.16851627640575528 0.05658234309144192 0.0864860654762043
0 0.5171124158982251 0.15803346620729913 0.0484542787832233 0.09158335825294454
0 0.4339373038059162 0.14173512710975683 0.05201164052991667 0.08688902186154648
0 0.34467707399485986 0.13796952339738516 0.0656474962452125 0.12730606232238567
0 0.25277016066334596 0.1093290483512609 0.04674065774910407 0.0782646072171798
0 0.17370735236929577 0.10740287326892345 0.04457371078147446 0.09047211430530216
0 0.08072815768401874 0.08791351935688597 0.068127503808387 0.10660783925432024
0 0.08487858746691723 0.3984612356853458 0.06416053817784863 0.11289410406699744
0 0.01721507848682197 0.40217895698956213 0.03443015697364394 0.0804690583844466
0 0.013593180136171818 0.09869139377199568 0.027186360272343637 0.08769743182481989
0 0.16141871261866814 0.4063375685272304 0.060031969419782394 0.09227360908722551
0 0.2568448617122355 0.4259326358156252 0.04066061286011271 0.07914638768408638
0 0.3436154615358781 0.43384690250561747 0.06326612491141997 0.11287420694690574
0 0.43263835948539703 0.43557159939528617 0.07112380420321741 0.12333805022130645
0 0.6241914611270909 0.45031780431173074 0.05999943950016929 0.10170207611020465
0 0.700289975710653 0.47923655544278426 0.05436152841463603 0.08706065437407957
0 0.7931832960024107 0.5065444112285044 0.05650713759270336 0.07793937892013089
0 0.075834248867438 0.6869709517134055 0.050275635235694095 0.10334997510761341
0 0.1738206838526735 0.6830896860646278 0.06886031394728766 0.10474851350419448
0 0.2600195534296712 0.6818727287406225 0.05401698437001803 0.10982776955291661
0 0.35815692264765425 0.7050129546246575 0.04349531012741504 0.07734489290216225
0 0.43703626678934365 0.712266816160508 0.050232959656569695 0.0771334661494451
0 0.5226369955003816 0.7302618668596527 0.060214910336873186 0.09212001330271083
0 0.614646048185221 0.7337970768952531 0.06158398732637405 0.09834844714718552
0 0.7043214779451437 0.7439537286006274 0.04541425633872889 0.0690656036749374
0 0.7917008875295258 0.7536984055566459 0.04862707404080403 0.06728400601310482
0 0.08725540920622483 0.9579639760258529 0.06048424888275227 0.0840720479482925
0 0.16914784193782267 0.9646430161148161 0.05393058674122855 0.07071396777036168
0 0.24837225335940002 0.9690602391663323 0.05553647235699585 0.061879521667333605
0 0.3445586696817269 0.9753248931646058 0.054781277957991675 0.047157874650327655
0 0.4381736079823337 0.9787665171762234 0.026398635953726643 0.03947742902573048
0 0.5175006819925082 0.9759687427360321 0.05474979450891897 0.048062514527931505
0 0.6874245328836277 0.9808937053532131 0.03151920773706247 0.03821258929357246
0 0.015926803061084564 0.9506799504096076 0.03185360612216913 0.09864009918078445
0 0.6065557908157465 0.9854543430801881 0.02632447692552856 0.02909131383962338
