0 0.9515310261755415 0.9193946589724693 0.0511684751357522 0.10371096437396181
0 0.8460340573580347 0.9171036442170929 0.05628991804138331 0.11238158389860661
0 0.7600649029108371 0.9158387774858511 0.06148165399002477 0.11505870699590832
0 0.66248576076864 0.9091683939676025 0.06621379080086286 0.11719112000396265
0 0.5794184296556375 0.8961696762724826 0.06176282616209216 0.10706418511270253
0 0.4793903124384331 0.8954671538853745 0.05317452121993105 0.11564668663624608
0 0.37240007550526305 0.8798321610223131 0.05587177223836621 0.09579013730816235
0 0.28292079945919135 0.863005206795949 0.050552063830255255 0.09384838348601525
0 0.21043339951841933 0.8472044005937183 0.06060840963494484 0.10519612610796095
0 0.9495123664648033 0.612244603608495 0.07200932442843919 0.08268487790758713
0 0.8400749606841686 0.6189846814234938 0.0680837513847502 0.11193299285177206
0 0.7625593878410541 0.6180802877379806 0.06749617978747707 0.12153764187878525
0 0.6484578879997316 0.6230884840705528 0.0603975305058949 0.10713787993011142
0 0.5606561697830216 0.591174458141568 0.05580147919534923 0.10198229396272246
0 0.47200824069190905 0.578613119380777 0.0758402653066238 0.1245159663881073
0 0.3757921439130382 0.5804186956806143 0.057609259777046215 0.09257630516292376
0 0.2826621601820638 0.5541857526544516 0.06807113775818258 0.11706615459415354
0 0.1839083189106432 0.5502181275297052 0.07140552674950988 0.10051155541241587
0 0.09702896735930847 0.5465557043376327 0.05294291542348481 0.11344057881078527
0 0.013988669726987903 0.5525354167544039 0.027977339453975805 0.08783118448741332
0 0.013533571174921382 0.8603767823929752 0.027067142349842765 0.07590988540882557
0 0.09940134257801095 0.8501610903274941 0.06847666993462821 0.09875403863378886
0 0.01592261654060727 0.23315822120604202 0.03184523308121454 0.09309859102716594
0 0.08642425299926819 0.23468423086940607 0.05327004151608585 0.1041964028294995
0 0.18382541224105778 0.24825650502116767 0.07035474355934303 0.12376617392925954
0 0.27453751089812173 0.25393037633214244 0.06289201543610565 0.11338930821838629
0 0.3657831141910988 0.27241551722352514 0.08128433371911313 0.13865137433347385
0 0.478087196784424 0.26894054214616314 0.05416762499365075 0.11216850048769475
0 0.5585649667363858 0.26564580359166745 0.06319391427557045 0.1260828239808341
0 0.6578689827907016 0.2798581174256301 0.06310289456515666 0.12419234075108192
0 0.745732881009599 0.32014877305909506 0.07026372384892954 0.11331561340097665
0 0.8349949711133317 0.2858187669649262 0.05111440817439021 0.08785488705867169
0 0.9545964125560455 0.312213522809602 0.08385722473316473 0.12577362152750382
0 0.9442151909516305 0.03766159205736834 0.07989831139552063 0.07532318411473667
0 0.836116047346519 0.017937219730941693 0.05656658962770954 0.03587443946188339
0 0.7519546734810153 0.017694500503172887 0.04719694817153226 0.035389001006345774
0 0.6652884513516013 0.01669798829589833 0.02954090061265668 0.033395976591796654
0 0.5489281288969274 0.014032077311099806 0.03228771800671249 0.028064154622199612
0 0.2741031390134524 0.01653617547738577 0.018231005529578105 0.03307235095477154
0 0.47693728084301507 0.016293456249616978 0.038571690480317604 0.032586912499233955
