0 0.06614349775784753 0.5012456402590932 0.12556053811659193 0.17737917289486801
0 0.10201793721973093 0.0229197807673144 0.0515695067264574 0.0458395615346288
0 0.23374439461883406 0.059790732436472344 0.10201793721973093 0.11958146487294469
0 0.26905829596412556 0.5092177379172894 0.13901345291479822 0.14549078226208267
0 0.09417040358744394 0.8480318883906328 0.12556053811659193 0.17737917289486801
0 0.2202914798206278 0.8599900348779272 0.11322869955156953 0.20528151469855502
0 0.5594170403587444 0.8829098156452417 0.0896860986547086 0.14349775784753363
0 0.5437219730941705 0.497259591429995 0.05381165919282516 0.08968609865470853
0 0.7130044843049328 0.5012456402590932 0.07847533632286996 0.10961634280019936
0 0.7085201793721972 0.9157947184853015 0.08520179372197305 0.13353263577478813
0 0.8968609865470851 0.9088191330343797 0.1031390134529147 0.17937219730941706
0 0.9047085201793723 0.5161933233682113 0.10986547085201792 0.13552566018933723
0 0.9299327354260088 0.04285002491280518 0.06614349775784731 0.08570004982561036
0 0.7477578475336324 0.018933731938216243 0.047085201793722005 0.037867463876432486
