0 0.10699685268726263 0.283973905650472 0.054911085865635326 0.09211760827379219
0 0.2456236070901186 0.27489042840348465 0.06306299958647174 0.12794073025923253
0 0.34524359353914497 0.27336796261624224 0.053907431755797666 0.09631240754439156
0 0.44537984008334236 0.27981117980264886 0.07246980250543454 0.11978554089775759
0 0.5402209873906009 0.26764020539764255 0.0697533743849501 0.10285358526698989
0 0.6401381374080525 0.28613952960753586 0.07396938182976358 0.11610620304635583
0 0.7367160018666865 0.2765959858940003 0.06245686876876348 0.10540871416049029
0 0.830731921829494 0.2964410988724049 0.05946492664023619 0.09895266760497606
0 0.9266761040696345 0.3273988644113351 0.05631489262699357 0.10983324819412227
0 0.9248400060952049 0.6065225801927457 0.05264269667815702 0.1005200361840999
0 0.81653282562919 0.6319228508472461 0.05551000016322319 0.10197194044123052
0 0.7418972872403472 0.6363048192973424 0.08317742310265847 0.14323768992958788
0 0.6655719390809357 0.6348441631473146 0.07123130414890477 0.11808639809179212
0 0.6052194657745164 0.6301747277731833 0.0463354121315571 0.07685913671076469
0 0.4384690540784246 0.6075424139299059 0.059773893889515727 0.10466351797825696
0 0.3545870982356979 0.6088071490075406 0.046431184694527984 0.06811618413211404
0 0.22886125171427574 0.5750662600799396 0.06348675959971342 0.10901575021391813
0 0.20975277588829763 0.8881565220757744 0.06729081071214503 0.10226582204981657
0 0.4120578350168023 0.9108675524015868 0.026005164569668372 0.05664784032580019
0 0.5530487511701113 0.8928323721344599 0.04086910264935387 0.07393782441070584
0 0.6313312276873471 0.8978703281234743 0.027773041381919873 0.05720994480474903
0 0.7254740798739809 0.9238350404652691 0.06547504761840355 0.08994149215595602
0 0.8223058087802991 0.92363270470832 0.0371942773411315 0.0762585441244829
0 0.9885412750609213 0.03909942638303551 0.02291744987815814 0.06379636729058222
0 0.927074942041459 0.03890012698269464 0.06253099177134527 0.07780025396538928
0 0.8245312346260576 0.03182658099557737 0.048232514748007785 0.06365316199115474
0 0.7359626039444593 0.016793766719374312 0.041954096281917735 0.033587533438748624
0 0.557632436925875 0.01739843678186766 0.016610165331567076 0.03479687356373532
0 0.45392927709630676 0.010961634280020014 0.01643042388648988 0.021923268560040027
0 0.02284791403630682 0.28297331596698266 0.04569582807261364 0.10410141349930667
0 0.025739160662112334 0.5599354852675418 0.05147832132422467 0.10318128056621906
0 0.10229345122778088 0.8072961699584552 0.059244515433791375 0.07331157308619361
0 0.642462187209652 0.009664825779604307 0.01300487586520322 0.019329651559208613
0 0.9940305487831931 0.31765060671133527 0.011938902433614673 0.05086351333836358
0 0.08922197622274423 0.577994482897904 0.020253495199906015 0.02956299650231902
0 0.11064804219738168 0.5863327639626607 0.012791681178888036 0.024256817642928256
0 0.12503868352363084 0.5510845758252807 0.03901462759560874 0.03562720091305146
0 0.994989924871604 0.5975515415441895 0.010020150256792551 0.020921504060370803
