0 0.9854260089686099 0.14070752062605102 0.029147982062780214 0.06218235565170341
0 0.9310538116591929 0.1375186846038864 0.04372197309417032 0.09566517189835577
0 0.03195067264573991 0.09167912306925759 0.041479820627802685 0.0717488789237668
0 0.0515695067264574 0.21823617339312407 0.044843049327354265 0.07374190333831585
0 0.05885650224215246 0.3557548579970104 0.028026905829596417 0.057797708021923244
0 0.08688340807174887 0.5062282012954659 0.023542600896860996 0.05979073243647243
0 0.1132286995515695 0.6995515695067266 0.03363228699551568 0.04783258594917797
0 0.1322869955156951 0.8380667663178875 0.02914798206278027 0.05779770802192317
0 0.13396860986547085 0.37668161434977576 0.041479820627802706 0.08769307424015942
0 0.1468609865470852 0.054808171400099644 0.03587443946188341 0.08570004982561036
0 0.24663677130044842 0.04982561036372696 0.049327354260089676 0.07573492775286496
0 0.33856502242152464 0.0687593423019432 0.04484304932735423 0.06576980568011959
0 0.4355381165919283 0.06875934230194321 0.0571748878923767 0.06975585450921776
0 0.5201793721973094 0.06676631788739412 0.058295964125560644 0.0737419033383159
0 0.6193946188340808 0.09267563527653215 0.03923766816143491 0.06576980568011959
0 0.6928251121076232 0.10064773293472845 0.05381165919282509 0.06576980568011959
0 0.8071748878923767 0.10064773293472845 0.0672645739910314 0.07772795216741407
0 0.9394618834080717 0.3956153462879921 0.042600896860986524 0.07772795216741407
0 0.23822869955156953 0.3477827603388141 0.04147982062780276 0.057797708021923244
0 0.336322869955157 0.343796711509716 0.049327354260089676 0.06975585450921777
0 0.422085201793722 0.3467862481315396 0.05044843049327362 0.08370702541106127
0 0.5089686098654709 0.3756851021425012 0.060538116591928176 0.0857000498256103
0 0.6042600896860987 0.38565022421524664 0.056053811659192904 0.077727952167414
0 0.6838565022421526 0.38963627304434484 0.04035874439461892 0.07772795216741407
0 0.8026905829596412 0.6836073741903338 0.06502242152466366 0.12356751370204286
0 0.9103139013452914 0.6955655206776282 0.049327354260089745 0.10363726955655196
0 0.25504484304932734 0.6676631788739412 0.04820627802690581 0.07573492775286496
0 0.4226457399103139 0.6756352765321375 0.047085201793722005 0.04783258594917797
0 0.4983183856502242 0.6905829596412556 0.04820627802690581 0.08171400099651223
0 0.6065022421524664 0.6985550572994519 0.056053811659192904 0.07374190333831593
0 0.6900224215246636 0.687593423019432 0.05941704035874437 0.08769307424015935
0 0.1586322869955157 0.9755854509217738 0.03923766816143493 0.03388141504733426
0 0.3374439461883408 0.9723467862481315 0.051569506726457416 0.05530642750373687
0 0.41591928251121074 0.9586447433981067 0.056053811659192834 0.05580468360737413
0 0.5151345291479821 0.9367214748380667 0.05717488789237663 0.08370702541106127
0 0.6053811659192826 0.9727952137002912 0.044843049327354334 0.052217233578957974
0 0.6933856502242154 0.9753363228699551 0.05493273542600903 0.049327354260089745
0 0.788677130044843 0.9693572496263079 0.06390134529147971 0.06128550074738413
0 0.9030269058295963 0.9793223716990533 0.06165919282511211 0.0413552566018933
0 0.9921524663677129 0.7067264543579893 0.01569506726457405 0.08211259979719415
0 0.8167040358744395 0.3866467364225211 0.06390134529147971 0.09167912306925764
