0 0.029708520179372196 0.4665670124048253 0.05941704035874439 0.17498754967963692
0 0.19338565022421522 0.46935724962630787 0.10201793721973094 0.1574489287493771
0 0.35201793721973096 0.43049327354260086 0.0986547085201794 0.15146985550573
0 0.5 0.40458395615346293 0.1345291479820628 0.17538614848031886
0 0.6832959641255606 0.3776781265570503 0.07062780269058294 0.16542102640757342
0 0.8761210762331838 0.37468858993522675 0.1446188340807174 0.1913303437967115
0 0.9859865470852017 0.2991529615827027 0.028026905829596417 0.10802191718633225
0 0.9108744394618833 0.8290981564524165 0.1042600896860985 0.15146985550572992
0 0.7303811659192826 0.8948679621325362 0.12443946188340803 0.18335824613851515
0 0.5353139013452914 0.9344793223716991 0.13340807174887892 0.13104135525660182
0 0.3727578475336323 0.93248629795715 0.12219730941704036 0.13502740408570005
0 0.21580717488789236 0.9484304932735427 0.1109865470852018 0.1031390134529147
0 0.05269058295964126 0.9526656701544592 0.08968609865470853 0.07972097658196318
0 0.13621076233183857 0.027902341803687097 0.0930493273542601 0.05580468360737419
0 0.2763452914798206 0.010961634280019929 0.09304932735426011 0.021923268560039857
0 0.43890134529147984 0.017937219730941704 0.0773542600896861 0.03587443946188341
0 0.6188340807174888 0.017937219730941704 0.040358744394618784 0.03587443946188341
0 0.8946188340807174 0.01195814648729447 0.05381165919282509 0.01195814648729447
