0 0.08501637999824575 0.13002416880249068 0.07302538510915828 0.13592818407286417
0 0.22348153113489996 0.10933022538361302 0.06131283805455732 0.12435296646600458
0 0.05799182946497053 0.5749559926052807 0.09797544946672336 0.1175253384741493
0 0.22200858903653883 0.6525457848151747 0.05707942548320235 0.1013918372050212
0 0.23187185545070935 0.9645226460489889 0.043959414967896265 0.07095470790199149
0 0.09141544420907026 0.9718539685171282 0.027309723611587525 0.05330252634389366
0 0.5554277949049414 0.5383711583527085 0.07672151809160874 0.12488169431802207
0 0.5619100851864879 0.11911583900516867 0.05054389290244709 0.08735365234087493
0 0.7257359199397118 0.13723256718730006 0.06801482277676084 0.09500592310288299
0 0.9090318840652745 0.14133502248334204 0.09391951122606063 0.1630885800937403
0 0.729290073457609 0.5622243493430503 0.08876696942910942 0.13467710544112577
0 0.9166352505800025 0.596307026332149 0.09357315645549959 0.1606930317956615
0 0.7236192136540397 0.9713502740408505 0.057245877624650277 0.0572994519182857
