0 0.9007847533632287 0.229197807673144 0.07062780269058294 0.12755356253114097
0 0.9013452914798208 0.5181863477827604 0.0807174887892377 0.12755356253114095
0 0.9893497757847532 0.4775286466848452 0.02130044843049333 0.07015445330989983
0 0.8968609865470853 0.8350772296960639 0.06502242152466366 0.127553562531141
0 0.813340807174888 0.8071748878923768 0.05269058295964115 0.10363726955655224
0 0.725896860986547 0.7942202291978078 0.05269058295964129 0.10563029397110099
0 0.8066143497757846 0.5002491280518186 0.04147982062780258 0.09965122072745387
0 0.7236547085201793 0.49427005480817143 0.05044843049327369 0.09167912306925757
0 0.8032511210762333 0.17638266068759342 0.03251121076233176 0.08171400099651223
0 0.7242152466367713 0.17737917289486796 0.06278026905829591 0.11958146487294469
0 0.6328475336322871 0.15545590433482812 0.04147982062780273 0.07573492775286499
0 0.5257847533632287 0.15346287992027904 0.060538116591928315 0.08370702541106129
0 0.42769058295964124 0.1454907822620827 0.06165919282511211 0.09965122072745392
0 0.35257847533632286 0.15445939212755355 0.05717488789237663 0.06178375685102145
0 0.2539237668161435 0.11758844045839563 0.05269058295964122 0.0916791230692576
0 0.16367713004484305 0.1245640259093174 0.044843049327354265 0.04583956153462882
0 0.07623318385650224 0.11858495266567015 0.0672645739910314 0.10961634280019933
0 0.05717488789237669 0.42152466367713004 0.06502242152466367 0.077727952167414
0 0.16367713004484305 0.43647234678624813 0.07623318385650223 0.07972097658196305
0 0.25168161434977576 0.45640259093173896 0.06165919282511211 0.08370702541106127
0 0.3508968609865471 0.4653712007972098 0.060538116591928245 0.07374190333831593
0 0.4439461883408072 0.47334329845540607 0.0672645739910314 0.0857000498256103
0 0.5246636771300449 0.47334329845540607 0.06278026905829606 0.06576980568011961
0 0.6294843049327354 0.4783258594917788 0.07062780269058294 0.09965122072745394
0 0.5319506726457398 0.7623318385650225 0.05717488789237663 0.07374190333831578
0 0.4506726457399102 0.7583457897359241 0.049327354260089676 0.05381165919282509
0 0.34417040358744394 0.7314399601395118 0.06502242152466366 0.07573492775286482
0 0.2522421524663677 0.7274539113104136 0.06950672645739914 0.08769307424015949
0 0.1681614349775785 0.7164922770303935 0.06278026905829595 0.061783756851021394
0 0.07455156950672646 0.7095166915794718 0.03699551569506726 0.06776283009466866
