0 0.030764964674913707 0.10716329210159029 0.04937060064132762 0.06561604076905284
0 0.10710578881608317 0.13976073136616013 0.06691955427798658 0.11287454520001086
0 0.17506016439899164 0.1479438329606938 0.050534923255748446 0.07435527171706388
0 0.3088778875985599 0.17090163213939477 0.05273335367245046 0.08125439752883297
0 0.43048269978150744 0.19782710516606983 0.05305722586330625 0.10589938256546877
0 0.5145307446501584 0.21984647679552755 0.05243158034064097 0.09512953160790188
0 0.6104690175156378 0.22201121828588605 0.05286309281616495 0.08198224395811952
0 0.6899575519528139 0.23287759512924977 0.05307884905392634 0.09834844714718653
0 0.7788784056826867 0.236058492257147 0.058490097172701996 0.0922924914480048
0 0.972576640834022 0.2611898174532355 0.05225954615254962 0.08575436884191294
0 0.02600027176677536 0.4138020111830382 0.04755948498205286 0.09225405022023883
0 0.09944133880141443 0.432524739184921 0.046459556271059424 0.11291298642777836
0 0.17701135512886096 0.4314325467246065 0.04219148324451336 0.07868644596330215
0 0.30899633947853355 0.45228242062183965 0.03697341683602053 0.06289516992521668
0 0.43242284108185153 0.4867195422062734 0.0524099571500253 0.08064102915008498
0 0.5186267834886078 0.4802804426785642 0.061228156018019314 0.10371415201208732
0 0.6139076895481426 0.47901568750968176 0.0544373047154902 0.10923362178805211
0 0.6907982402105959 0.5024527335863318 0.055708791946148126 0.09585737803719079
0 0.7855940514864873 0.5138359529226423 0.058209947031515615 0.08558557177507115
0 0.8630883866467655 0.532808548905006 0.05585967861205179 0.09731307089576532
0 0.9570648950212832 0.5508606695028668 0.051246110204032386 0.10084036188994268
0 0.029826972059348266 0.689567226820103 0.05534262471091138 0.10214313547020754
0 0.10501452301561903 0.7192904531461478 0.04928410787885298 0.08907357590871852
0 0.19735242558738306 0.7455829143638131 0.04924133716604304 0.08255801674185935
0 0.3170271945626547 0.7327239359222815 0.04255765047975105 0.07792015830624585
0 0.43162492353688336 0.7635389318922594 0.04128616324909135 0.06450547332761873
0 0.5192630027723698 0.7650146909974813 0.05930987574250612 0.10570802205939607
0 0.6084099486668896 0.7695564463636754 0.047709895979528696 0.09240781513130815
0 0.6934070355806218 0.7955806646197303 0.05583757975300557 0.10152892145870517
0 0.7701039288643591 0.793702963888485 0.05663621080061656 0.09800416736280602
0 0.9548443657455336 0.8362078633841427 0.04995252411432523 0.08849864875774106
0 0.87163677130045 0.8026139119123027 0.04523083975320932 0.0865432199381979
0 0.8623947797074653 0.2397446219589517 0.0255483252717049 0.02069737743530547
0 0.951490521636004 0.014085715199027156 0.015523033076478381 0.028171430398054313
0 0.022152661786225058 0.960674981995651 0.044305323572450116 0.07635032740477526
0 0.11318878284932538 0.9735533510548887 0.047215892274289926 0.052893297890222755
0 0.1956548960681196 0.9793026225646956 0.03169285919781044 0.041394754870608876
0 0.3251752032999898 0.9859142848009733 0.026841911361411216 0.028171430398053355
