0 0.13172645739910313 0.9285002491280518 0.1132286995515695 0.14299950174389636
0 0.017376681614349777 0.9399103108602315 0.034753363228699555 0.10523169517041907
0 0.31109865470852016 0.9294967613353264 0.12892376681614348 0.14100647732934718
0 0.4551569506726457 0.8948679621325362 0.10089686098654703 0.18335824613851515
0 0.5952914798206278 0.83208769307424 0.0829596412556053 0.1534628799202791
0 0.8032511210762331 0.8390632785251619 0.13116591928251112 0.23119083208769298
0 0.9568385650224215 0.7964125530126976 0.08632286995515699 0.15386147872096104
0 0.07006726457399103 0.4404583956153463 0.09753363228699552 0.15944195316392623
0 0.23822869955156947 0.40059790732436473 0.11995515695067266 0.16741405082212257
0 0.3991031390134529 0.39162929745889385 0.10538116591928251 0.19730941704035876
0 0.5554932735426008 0.3637269556552068 0.1289237668161435 0.19730941704035876
0 0.7449551569506727 0.3238664673642252 0.1289237668161435 0.22122571001494773
0 0.9254484304932737 0.2750373692077728 0.09080717488789233 0.16342800199302443
