0 0.06515709079760347 0.30246088692989576 0.07044486177349292 0.11862381670981689
0 0.20337267373427342 0.33668742739437063 0.05863036251066747 0.10336987222770501
0 0.06930752058050221 0.6208560206161392 0.0424606315230209 0.0791662848041778
0 0.07300462442989039 0.9028400597907311 0.05748794848792148 0.11912253791147197
0 0.205512686847315 0.8968609865470845 0.06558348287652589 0.10931101162324137
0 0.19607500932379737 0.6582726456990724 0.061691722744726 0.0969300116305132
0 0.3150920309583755 0.6413897691436073 0.056172739207595856 0.09543570841761957
0 0.315060024274033 0.9330326690179521 0.05199030274035436 0.0875214417276252
0 0.41651742337717174 0.9547257764502293 0.04987722348190041 0.0905484470995415
0 0.5040533632593276 0.949925029035444 0.06590668913158193 0.10014994192910823
0 0.5945581464464563 0.9571976249463416 0.05432899849502254 0.08560475010731525
0 0.6862709267308286 0.9619696894260329 0.0635781390364242 0.07606062114793136
0 0.7716505885401296 0.9612891546027889 0.04440091552389926 0.07044610534349745
0 0.8527238135040381 0.9789871948419556 0.0515156390172835 0.04202561031608183
0 0.948462499957884 0.9782779770836219 0.060451718963140964 0.0434440458327549
0 0.41833930306491285 0.632306427537769 0.059039966394512415 0.10632054480538117
0 0.5016221505755727 0.6487104800116701 0.06608963004867184 0.10394446112558148
0 0.5971616311525195 0.6639933399778822 0.04683720103740464 0.09212001330271065
0 0.6890146767748574 0.6770058296406536 0.06412800825823449 0.14167822633759067
0 0.77534261955977 0.700452316897685 0.07164114350541477 0.10283321717794175
0 0.8619673579804111 0.6935724962630857 0.05370392377447271 0.10862076078895783
0 0.9546396113704381 0.682438299274494 0.06612215996828709 0.12234246821006911
0 0.9569193665861805 0.3967365387956804 0.07337714879963676 0.11565324701204859
0 0.8625766909764256 0.3972352599973356 0.059384510439127874 0.11703374868061064
0 0.770939116190798 0.3963435309703833 0.06311466744340327 0.10904175390232318
0 0.6825087630422124 0.3869439794315052 0.05879196563819675 0.12048314245994249
0 0.5929253269761005 0.3699843049837827 0.06302826981461283 0.09246513871985128
0 0.5016922832445573 0.35548653047212725 0.06504480578476633 0.10823770152370962
0 0.40524719727113107 0.3467961966915854 0.061249588941266954 0.11105467543696332
0 0.3051106035133435 0.33276822789748406 0.06604695446954684 0.1056501910911925
0 0.9567953662080219 0.09509058300047908 0.053596188356119435 0.10570802205939475
0 0.8745202634471716 0.08142670654757385 0.0584575672530881 0.10413599075820738
0 0.7734617993330966 0.08692695570965717 0.0497044282243213 0.0871184853422827
0 0.6817058202343297 0.0853838398925709 0.05809063894836839 0.1210956652059298
0 0.6013227298301992 0.06064359741927769 0.05498660313518493 0.09008905504005109
0 0.49775784753363245 0.04973979410745997 0.06327627057093041 0.09947958821491992
0 0.4026869113794635 0.03520408574769396 0.03983021296237016 0.07040817149538792
0 0.3133352111098619 0.04681710681784798 0.07495050449579051 0.09363421363569596
0 0.20229986914523942 0.023571167557448484 0.09203598653942797 0.04714233511489696
0 0.07567264573991023 0.035251968155850376 0.047775336353498295 0.07050393631170075
