0 0.06670403587443946 0.08570004982561036 0.07286995515695067 0.15944195316392626
0 0.062219730941704035 0.5271549576482312 0.0773542600896861 0.1654210264075735
0 0.21748878923766818 0.5690084703537619 0.09865470852017935 0.18136522172396619
0 0.21076233183856502 0.11559541604384654 0.09417040358744398 0.2311908320876931
0 0.37948430493273544 0.08570004982561036 0.12668161434977573 0.15545590433482812
0 0.5325112107623319 0.09566517189835576 0.1367713004484304 0.14349775784753363
0 0.3895739910313901 0.5909317389138018 0.09304932735426007 0.18535127055306425
0 0.5521300448430493 0.6148480318883907 0.1109865470852018 0.12157448928749381
0 0.6933856502242154 0.13851519681116095 0.08856502242152473 0.15346287992027904
0 0.6978699551569507 0.6417538614848032 0.10874439461883412 0.14748380667663177
0 0.8710762331838566 0.663677130044843 0.10986547085201792 0.15545590433482823
0 0.8716367713004485 0.19930244145490783 0.10874439461883412 0.1235675137020429
