0 0.11378923766816143 0.10961634280019932 0.1535874439461883 0.21126058794220232
0 0.32286995515695066 0.114598903836572 0.13901345291479825 0.22521175884404585
0 0.4854260089686099 0.11858495266567017 0.15246636771300445 0.21723966118584953
0 0.678811659192825 0.16442451420029894 0.1580717488789238 0.2571001494768311
0 0.8637892376681614 0.15246636771300448 0.12443946188340803 0.1933233682112606
0 0.8514573991031389 0.5739910313901345 0.11098654708520186 0.17140009965122074
0 0.9764573991031391 0.5869456900847035 0.044843049327354265 0.15744892874937727
0 0.6754484304932735 0.5321375186846039 0.12668161434977576 0.1913303437967116
0 0.4596412556053812 0.5291479820627802 0.11659192825112115 0.20528151469855507
0 0.3060538116591928 0.5460886895864474 0.12107623318385652 0.19133034379671143
0 0.12780269058295965 0.5112107623318386 0.13004484304932737 0.23318385650224221
0 0.0067264573991031385 0.8831091150455826 0.013452914798206277 0.05939213363579029
0 0.12668161434977582 0.9135525660189338 0.13901345291479822 0.17289486796213255
0 0.32399103139013447 0.92152466367713 0.11883408071748881 0.15695067264573992
0 0.4596412556053812 0.908570004982561 0.13452914798206272 0.18285999003487802
0 0.6502242152466366 0.9384653712007972 0.12556053811659176 0.12306925759840553
0 0.8094170403587444 0.9414549078226208 0.11659192825112115 0.1170901843547584
0 0.9736547085201793 0.9534130543099153 0.05269058295964129 0.09317389138016935
