0 0.9421807832572965 0.20627240061330865 0.08640222769114672 0.13281751148046975
0 0.9347664246197255 0.5203362253866298 0.0762214066152166 0.08644133150240432
0 0.9354907059854672 0.8345106646838345 0.05360207504148248 0.10270760015087564
0 0.828305316958144 0.8328408342355157 0.06283615816532458 0.11264313882670372
0 0.82033171765669 0.5245146405442065 0.07215972573405965 0.11580124855951376
0 0.8160910655617214 0.17957063294296027 0.05464230233850338 0.09262302385631564
0 0.7230660321026003 0.21601163741706494 0.07328480454325793 0.12059988446936824
0 0.6319651253864802 0.1740804688110763 0.0655660038021333 0.1319740232234407
0 0.5280998292798242 0.15665894893766655 0.06532965228111315 0.13240871421228784
0 0.4447447273487805 0.16047453882743468 0.05703720315211544 0.11355396368579986
0 0.3277046266250251 0.16565239840625895 0.08395881256582266 0.1443325335088715
0 0.23215277480178845 0.14571642939564508 0.06531152042016616 0.11756722401491765
0 0.1372770899025344 0.1398813687855028 0.07363614716545042 0.12707993118638497
0 0.036569872503839494 0.12587487012660475 0.05701687625569653 0.11223803123477571
0 0.04916267166338601 0.44553040672235966 0.05464700874980928 0.11183682592813166
0 0.13847795429344006 0.45518949842423306 0.0738764277839015 0.10114018889182325
0 0.2417418929709781 0.45827127776785326 0.07067058036431964 0.1200028966175114
0 0.33721383520560244 0.4871316864256859 0.05946248641649064 0.0924654707870996
0 0.43710520583955387 0.48492606031050367 0.0766967780412756 0.12854686339879845
0 0.5307419183461852 0.49651726336757157 0.057426072533624105 0.10614396843746686
0 0.6221726636042386 0.5311806377789078 0.06316380167178684 0.11180808403972414
0 0.7407271429404382 0.5243021784063997 0.06952870388618673 0.12743857297747596
0 0.7374766318024912 0.8290063344848668 0.06461942285822482 0.11735399668291664
0 0.6358563932204804 0.8268007083696886 0.06759669342204726 0.12089112314178499
0 0.5490994812396276 0.8118385780020486 0.06505036607817485 0.10803526254262343
0 0.4465880407328981 0.8110923476543443 0.05725668352561388 0.11870971099835499
0 0.3328734911286964 0.793897035231562 0.060352160401733926 0.09987477715555944
0 0.24228669419707358 0.777225724305474 0.05176480226068205 0.09454864515218757
0 0.16820510907372732 0.7605177273546232 0.06386476522922971 0.10957377928464643
0 0.052893101306511474 0.7641940222789597 0.0707116363511196 0.10009302740699179
