0 0.9568385650224215 0.4035874439461884 0.05493273542600889 0.08570004982561037
0 0.9618834080717488 0.12257100149476831 0.02690582959641276 0.05381165919282511
0 0.8452914798206278 0.0866965620328849 0.07174887892376688 0.11360239162929746
0 0.7432735426008967 0.09367214748380669 0.060538116591928315 0.09566517189835576
0 0.3699551569506727 0.05281514698555058 0.06278026905829598 0.07772795216741406
0 0.46300448430493274 0.05680119581464872 0.08295964125560537 0.08968609865470852
0 0.5650224215246636 0.08570004982561036 0.07623318385650223 0.09965122072745392
0 0.6519058295964126 0.0866965620328849 0.05493273542600903 0.08968609865470853
0 0.36210762331838564 0.3318385650224215 0.07847533632286996 0.07772795216741411
0 0.4691704035874439 0.34977578475336324 0.0728699551569506 0.07772795216741404
0 0.5521300448430493 0.36771300448430494 0.05044843049327348 0.05381165919282516
0 0.6440582959641256 0.3796711509715994 0.05717488789237685 0.09765819631290483
0 0.7455156950672647 0.4005979073243647 0.08295964125560545 0.07972097658196312
0 0.8520179372197311 0.40657698056801195 0.058295964125560575 0.06776283009466866
0 0.9646860986547086 0.7304434479322373 0.03699551569506724 0.08171400099651223
0 0.21973094170403587 0.5002491280518186 0.049327354260089676 0.0637767812655705
0 0.23262331838565026 0.3238664673642252 0.04372197309417043 0.06178375685102143
0 0.20795964125560537 0.6467364225211759 0.041479820627802685 0.08570004982561037
0 0.20571748878923762 0.7852516193323368 0.054932735426008995 0.07573492775286496
0 0.2006726457399103 0.905829596412556 0.029147982062780287 0.041853512705530845
0 0.2819506726457399 0.9417040358744395 0.04820627802690581 0.05381165919282509
0 0.2847533632286996 0.6557050323866467 0.05381165919282509 0.08769307424015949
0 0.36210762331838564 0.6327852516193323 0.05156950672645735 0.077727952167414
0 0.4484304932735427 0.6407573492775288 0.04035874439461885 0.06576980568011961
0 0.5437219730941705 0.6527154957648231 0.05156950672645728 0.073741903338316
0 0.6266816143497758 0.6806178375685101 0.042600896860986594 0.06576980568011961
0 0.7281390134529147 0.7025411061285501 0.05493273542600903 0.0857000498256103
0 0.8570627802690584 0.7164922770303938 0.0683856502242152 0.09765819631290483
0 0.4428251121076233 0.9427005480817141 0.047085201793722005 0.05580468360737413
0 0.5319506726457399 0.9476831091180867 0.04372197309417047 0.04583956153462879
0 0.6261210762331839 0.9576482311908322 0.036995515695067385 0.04185351270553056
0 0.7242152466367713 0.9656203288490284 0.07174887892376675 0.05381165919282509
0 0.8290358744394618 0.9606377678126558 0.041479820627802866 0.05181863477827605
