0 0.11035034890431404 0.03749175076188102 0.06196183308229258 0.07498350152376204
0 0.31407921848642883 0.060929510713896386 0.0945086915766892 0.12185902142779276
0 0.48955674981152425 0.05735086187229701 0.09524273828807026 0.11470172374459402
0 0.6324204917782525 0.046836073741903135 0.08144717090045393 0.09367214748380627
0 0.8116413689590768 0.06377678126556993 0.08654548554787604 0.12755356253113986
0 0.7776955302059685 0.46849524420000077 0.08608716056194338 0.13593693982142546
0 0.6451415421651547 0.48300772009326315 0.08493043659669222 0.1358101923296364
0 0.4835130498257832 0.4558884913916271 0.07749685101794754 0.12527600597629143
0 0.29360848299772724 0.4432422924211254 0.0709704552799936 0.10150197907185315
0 0.10218708121435392 0.4395925105444489 0.0683769210238873 0.11331010019981863
0 0.09917741660462323 0.8632524647062728 0.07463632423672609 0.15339174688520296
0 0.28443981147110714 0.8772747686431908 0.053113260213511454 0.10226892387931662
0 0.44790560288901476 0.9179143279625815 0.10742762132466575 0.16417134407483708
0 0.6048984701670651 0.9303705681244517 0.10658663141708943 0.12940432087553733
0 0.7891420019310225 0.972619679454661 0.06699321686575097 0.05476064109067821
