0 0.0554932735426009 0.22820129546586948 0.10874439461883409 0.18933731938216244
0 0.20515695067264572 0.2650722471350274 0.08744394618834078 0.13552566018933734
0 0.5016816143497758 0.20727453911310412 0.09304932735426007 0.1714000996512207
0 0.702914798206278 0.24015944195316394 0.09417040358744401 0.18933731938216244
0 0.8609865470852017 0.24514200298953662 0.08744394618834078 0.11160936721474837
0 0.8783632286995515 0.6895864474339811 0.08408071748878924 0.1474838066766319
0 0.9826233183856502 0.6867962102124985 0.03475336322869964 0.12994518574637218
0 0.6917040358744394 0.6676631788739411 0.1008968609865471 0.15944195316392623
0 0.48766816143497765 0.6437468858993524 0.12780269058295965 0.19930244145490789
0 0.2023542600896861 0.6995515695067265 0.09080717488789236 0.1554559043348281
0 0.04708520179372198 0.6766317887394121 0.08968609865470853 0.1654210264075735
