0 0.06815430543116502 0.3272394763897792 0.10345038291042352 0.1615694843594433
0 0.2016558611103718 0.29087874461614177 0.11717029023374534 0.1445259569277545
0 0.3651594825604262 0.2557001169266474 0.1271886808682682 0.21738192725599897
0 0.5338279840564976 0.2852475772586897 0.11581786920751135 0.21958059148659165
0 0.7327968269804308 0.2610861983059288 0.10119950124372667 0.22350326656979586
0 0.9105452461383325 0.29369820793945983 0.09656387618240136 0.19306211393850167
0 0.8832723931862313 0.6268850706999338 0.1505668678360461 0.22040315075076877
0 0.7179358372578174 0.6146462717169363 0.13920478537561767 0.23937632885111293
0 0.5427409400237873 0.6125782346227154 0.1328609928981545 0.2223328014194229
0 0.3733562156823701 0.658868521951566 0.10545682598357792 0.12151111554160074
0 0.19411969693559242 0.667738191553597 0.117392905826466 0.1575200617844508
0 0.051280325735144856 0.6521302631896359 0.0813758754363215 0.16494637302958975
0 0.04495872172387918 0.9726908124897352 0.06749591878408125 0.05461837502052872
0 0.3701308478455408 0.9573334310510616 0.053922966989184806 0.08135341427891062
0 0.5289544673018771 0.9581306438579952 0.0650180569244993 0.07277707800398847
0 0.7166190639636477 0.9640306623483316 0.0576332128783113 0.07193867530333675
0 0.8708248822246897 0.9603886397608358 0.0652850494496136 0.07922272047832508
