0 0.0672645739910314 0.08470353761833582 0.05829596412556055 0.10961634280019932
0 0.18665919282511212 0.12356751370204286 0.0728699551569507 0.06776283009466867
0 0.39069506726457404 0.14349775784753363 0.05493273542600896 0.08769307424015942
0 0.4809417040358745 0.14848031888390634 0.06502242152466366 0.0737419033383159
0 0.594730941704036 0.1803687095166916 0.07735426008968602 0.10961634280019929
0 0.6760089686098655 0.1654210264075735 0.047085201793722005 0.11160936721474835
0 0.7791479820627802 0.19033383158943695 0.0672645739910314 0.10961634280019929
0 0.868273542600897 0.20029895366218234 0.06165919282511211 0.08968609865470852
0 0.9663677130044843 0.22142500941528864 0.0672645739910314 0.10004981952813591
0 0.9428251121076232 0.5201793721973094 0.042600896860986524 0.10363726955655203
0 0.8621076233183856 0.5042351768809168 0.06950672645739928 0.07972097658196305
0 0.9433856502242152 0.7812655705032386 0.05269058295964129 0.10762331838565017
0 0.8565022421524663 0.7713004484304932 0.031390134529147955 0.07174887892376675
0 0.7662556053811659 0.48330842052815143 0.06165919282511211 0.10961634280019929
0 0.6659192825112108 0.47334329845540607 0.05381165919282523 0.0857000498256103
0 0.5807174887892377 0.4564025909317389 0.05381165919282502 0.05979073243647235
0 0.48430493273542596 0.4524165421026407 0.024663677130044803 0.07972097658196312
0 0.5330717488789237 0.39960139511709014 0.02130044843049333 0.07374190333831585
0 0.4075112107623318 0.4504235176880917 0.05717488789237663 0.09965122072745387
0 0.30885650224215244 0.44942700548081715 0.0571748878923767 0.07374190333831585
0 0.1860986547085202 0.4205281514698555 0.044843049327354265 0.07972097658196305
0 0.06782511210762332 0.4075734927752865 0.05717488789237669 0.0697558545092177
0 0.06894618834080717 0.7294469357249627 0.07062780269058296 0.09965122072745401
0 0.20459641255605385 0.7174887892376681 0.08632286995515695 0.07174887892376688
0 0.2998878923766816 0.7304434479322371 0.07062780269058301 0.09367214748380662
0 0.4069506726457399 0.7274539113104136 0.047085201793722005 0.07174887892376688
0 0.4988789237668162 0.7553562531141006 0.06278026905829598 0.07972097658196318
0 0.5992152466367713 0.7703039362232187 0.05269058295964129 0.06178375685102153
0 0.6681614349775785 0.7703039362232187 0.049327354260089745 0.08968609865470839
0 0.7679372197309416 0.7762830094668659 0.047085201793721866 0.07374190333831593
