0 0.13451132411602967 0.03700933809471754 0.11662757598318638 0.07401867618943508
0 0.2814836184594749 0.0784476915235688 0.09691089337197716 0.1568953830471376
0 0.4862000680122176 0.08862233305694858 0.12224168634943432 0.177244666113897
0 0.65443498075401 0.08535602358400593 0.09362332473672158 0.17071204716801186
0 0.9279197454526041 0.12721341593412666 0.08283960425891883 0.14610770171021478
0 0.8977107056549869 0.5739910313901331 0.0873639215238814 0.14898665913483577
0 0.7477200175014831 0.5162644564032849 0.048780275409365845 0.09579191939014299
0 0.6020535849517912 0.479567457677224 0.09278233482914326 0.12342524763189208
0 0.4592364022175425 0.4511788235617837 0.08941037692926378 0.1385391243949267
0 0.28929768665977884 0.4452708833532113 0.07162884192707682 0.12590068471360394
0 0.13603288913688633 0.4273297839776767 0.059915377676909846 0.17359876388181258
0 0.10847303749355394 0.8997832697784215 0.11504381016390251 0.16501750606466384
0 0.28823226432477417 0.8881335830151875 0.10537243671895423 0.20054403964035242
0 0.4638963980451443 0.8808456581956098 0.08820491143145609 0.16053352599004167
0 0.6353075716258317 0.8973117123413012 0.06478234753128138 0.15387415955236697
0 0.733086007971747 0.9073757746774781 0.09173255406009301 0.15669750252027462
0 0.905829596412556 0.9327354260089686 0.06726457399103154 0.11559541604384649
0 0.7791879734106503 0.06121792249878642 0.06535124938282953 0.1188610758005634
