0 0.05269540852882679 0.22988308139143812 0.05952629124510495 0.1136195492086235
0 0.14907264141620025 0.25871055987240243 0.06802585578574173 0.12248246838544405
0 0.231386621514781 0.2758025972457282 0.05914719452988944 0.10086185952472118
0 0.3188755420079308 0.2898251436775694 0.07042860319460378 0.12125467200885058
0 0.42011772072539444 0.3149064362884171 0.0661338466194761 0.12166576760950969
0 0.5133372941605204 0.33223833662072566 0.06215062879096676 0.10668102412904687
0 0.6163863590038173 0.359315398858814 0.06301151033366748 0.12203705762613158
0 0.7333139538474823 0.3581304964305355 0.06702368157728979 0.11956430729361836
0 0.8285749360708585 0.38089894734819324 0.05761497980209786 0.1004336063447356
0 0.9315195755969772 0.40786757368493964 0.06813510667210124 0.11052432189815006
0 0.9907760210132299 0.4145884689872277 0.018447957973538865 0.08442544149038639
0 0.9433856502242154 0.10563029397110114 0.07286995515695067 0.09965122072745392
0 0.8397310729595171 0.09641324235698466 0.05115836823184909 0.08829839363879304
0 0.7297306791930724 0.049674280514068546 0.06143760268811205 0.09536251219903895
0 0.6103698393432899 0.046070845703947934 0.06755372209662845 0.09214169140789587
0 0.515344923964471 0.021763359920718248 0.05070862518375749 0.043526719841436495
0 0.42018354148908527 0.022599963488671156 0.0697283165943989 0.04519992697734231
0 0.3188610653003741 0.011112964129678347 0.050278184412408056 0.022225928259356695
0 0.04359187574892832 0.5568018821178208 0.06476222683417954 0.12570328917658644
0 0.042811291677475945 0.8452108391977923 0.07162997689903516 0.12910117618637845
0 0.13625091106746226 0.584767020661841 0.06296016627753284 0.10899386582223956
0 0.13887853000037054 0.8724735464441933 0.07007845989450127 0.13856941476183257
0 0.22606710706741268 0.5923650830907244 0.06632339497708425 0.10796029324361928
0 0.21952537245673176 0.8728904756218236 0.0747426620464736 0.12278512808476098
0 0.3161338466194762 0.6099368463820158 0.06568410357138452 0.12460108628066209
0 0.4136321557400338 0.6095628111527012 0.06663493372370258 0.11313982329065908
0 0.5036732232640294 0.6252043467697764 0.06628479042359949 0.1106499153788188
0 0.6019023165820452 0.6710267507250791 0.060306875316557554 0.1137794578479448
0 0.70655269830387 0.6617640599499512 0.06259072070068804 0.12063219503088861
0 0.8197427933019538 0.709293986199815 0.0431309373803251 0.07895574854400776
0 0.3107581625467885 0.8993707972509423 0.07234956577598226 0.14054528159705568
0 0.4169102613991517 0.917485083200533 0.06646468764283645 0.12894126754705665
0 0.5060309963680834 0.9294260721085006 0.06156924421549393 0.10100461058471773
0 0.5917580050402099 0.9494441630601418 0.06448272986695418 0.10111167387971172
0 0.6964983353716534 0.966519042854142 0.06440243239570534 0.06696191429171439
0 0.8256726457399103 0.9823119083208769 0.04372197309417047 0.035376183358246036
0 0.9265695067264573 0.9813153961136024 0.06165919282511211 0.03736920777279522
0 0.9943946188340808 0.9797707991512129 0.011210762331838566 0.0382660626771144
0 0.9909012927892838 0.7082112712728913 0.01819741442142562 0.08746919606288117
