0 0.060569203677013 0.640189238171827 0.06515024652344663 0.1045493376887371
0 0.22648332191078546 0.6637078533724271 0.048446384481929165 0.08359649355297752
0 0.2816932843189542 0.6671242459142915 0.0793753263020174 0.11884137525400063
0 0.17821052389065561 0.9250919237134662 0.036660409655568216 0.07496720516940078
0 0.035161891868083966 0.9441822725011348 0.024167920677455542 0.05876813244620436
0 0.2521220992388564 0.9306994069661134 0.03063872807899224 0.05498169509486904
0 0.34217699851198424 0.9578413207228507 0.061384522626559426 0.08431735855429891
0 0.44466650770588045 0.9581180817391882 0.03699725402429017 0.07895634436156143
0 0.6574947980551806 0.9136727101858263 0.03776420401698272 0.07399987110816873
0 0.5616911490748072 0.9403804734860066 0.023798250894426366 0.032769735437391014
0 0.7201316985721502 0.9226996763433966 0.05006669382614755 0.08755181905449652
0 0.8211563845574809 0.935169122825827 0.05695206330911749 0.09928581146257587
0 0.906004921203572 0.9442513549124368 0.03033123246613159 0.05047971072604426
0 0.9141072356688191 0.6519324115175705 0.06031355367944615 0.11419813569951882
0 0.8416881446660543 0.6510341598676527 0.07200452892133308 0.12618391515132762
0 0.7333678222291405 0.6449690973673787 0.04969180905545392 0.11855577451961855
0 0.6430166757728764 0.6454696712433109 0.059223564531346404 0.09888349814399057
0 0.5488557822859257 0.6368987391518267 0.056164354786212095 0.10156134624844382
0 0.4359362659662114 0.6632072794964927 0.06319830779817484 0.10116212329292312
0 0.35464443384706185 0.669045097554479 0.08056031503459322 0.14660555223509097
0 0.9321593443498364 0.3485382116215481 0.05124994422949968 0.10355437066299306
0 0.8397664238612549 0.35351922747638964 0.042025684366464394 0.07969334361744355
0 0.9907109584729608 0.3391562502408762 0.018578083054078598 0.029950007992435985
0 0.7419676314762016 0.35077075177910727 0.07701741572096267 0.12345389148090191
0 0.6444020429395085 0.35414569487419223 0.06997139582490502 0.11995305486394715
0 0.5495104508223827 0.3571659548235958 0.058727808078757285 0.10936146539339943
0 0.4487897837914676 0.32638460825616605 0.05071962403338208 0.09894185443609184
0 0.34945448392718503 0.30742478853496086 0.06226896906316557 0.10811162096085444
0 0.25916898829952795 0.31515273490555523 0.08028564483603884 0.11616661751260925
0 0.15920749949003907 0.2966612205511711 0.07235865516181923 0.10247341438062846
0 0.06399808320517832 0.3118546001294231 0.08193704126534226 0.12089584632371171
0 0.06482117392599594 0.026480518857901633 0.03130894015799191 0.052961037715803266
0 0.17817943680557102 0.03147689637653414 0.040215375853293184 0.06295379275306828
0 0.26974752824411186 0.024188077226710913 0.06784152481477627 0.048376154453421825
0 0.36020231522074087 0.03206036914602667 0.05034995425035307 0.06412073829205332
0 0.4446354206207935 0.04742109169292675 0.06265244405951251 0.09421571598805059
0 0.5488799667643527 0.053073114755412654 0.06101832950197652 0.10614622951082531
0 0.6381480266791817 0.07466933313429132 0.07498602095375786 0.12867142286721026
0 0.733720210140406 0.06214153035976419 0.06513470298090428 0.12428306071952838
0 0.8413668438398763 0.0660569515960323 0.06655979816850367 0.1321139031920646
0 0.9307972924970173 0.0832249035619802 0.06460785944323169 0.11508566123024586
