0 0.11361606028288153 0.14263940559777466 0.127911603479786 0.18367807303469802
0 0.2740841774311726 0.1552111354119104 0.11874964049755282 0.18681556711558936
0 0.5007514629349333 0.17328651510037257 0.10547662832845361 0.18196136853519074
0 0.6768614050485888 0.1793188928267169 0.10169605512607104 0.1637478288892108
0 0.8540036862300895 0.22725808774129136 0.11991966208453557 0.18299922923613657
0 0.8448019314363026 0.6504461514352258 0.12987839090787662 0.21346683028753696
0 0.6502584959635481 0.6321912632955684 0.12527415088906657 0.2462907896308275
0 0.48687447839006565 0.6115408268578529 0.1495694288700737 0.22495935090706312
0 0.2789215623782864 0.5856413069702646 0.11819031653016894 0.22324264640755004
0 0.0688384895931841 0.6094531494669317 0.12291449163504681 0.1821941814690816
