0 0.9585201793721972 0.8271051320378675 0.069506726457399 0.10762331838565017
0 0.8576233183856502 0.8131539611360239 0.07623318385650223 0.09965122072745387
0 0.7556053811659195 0.815146985550573 0.06278026905829606 0.11559541604384649
0 0.6496636771300449 0.8031888390632785 0.08632286995515699 0.11559541604384663
0 0.7634529147982062 0.5022421524663677 0.06950672645739914 0.13951170901843546
0 0.8565022421524663 0.48530144494270055 0.058295964125560575 0.09765819631290483
0 0.9573991031390133 0.47932237169905334 0.05381165919282509 0.08570004982561046
0 0.9708520179372198 0.13652217239661188 0.05381165919282509 0.11360239162929746
0 0.8413677130044843 0.13054309915296464 0.05493273542600889 0.10563029397110117
0 0.7359865470852017 0.15545590433482812 0.07511210762331842 0.09566517189835574
0 0.6401345291479821 0.11659192825112108 0.051569506726457416 0.12157448928749374
0 0.6378923766816144 0.5002491280518185 0.06726457399103132 0.09566517189835572
0 0.5364349775784752 0.4524165421026407 0.06165919282511219 0.09566517189835572
0 0.530829596412556 0.09167912306925759 0.04372197309417032 0.11958146487294469
0 0.43890134529147984 0.09267563527653212 0.06614349775784753 0.08968609865470852
0 0.3295964125560538 0.10762331838565023 0.0807174887892377 0.15545590433482812
0 0.21076233183856502 0.08171400099651221 0.05829596412556054 0.13552566018933732
0 0.11210762331838567 0.07673143996013952 0.0493273542600897 0.09765819631290483
0 0.140695067264574 0.7463876432486299 0.054932735426008995 0.0857000498256103
0 0.025224215246636775 0.7543597409068261 0.04596412556053812 0.10563029397110114
0 0.2303811659192825 0.7762830094668661 0.0683856502242152 0.0857000498256103
0 0.3245515695067265 0.7952167414050823 0.05493273542600896 0.07972097658196318
0 0.4405829596412556 0.7982062780269058 0.07174887892376682 0.08171400099651223
0 0.547645739910314 0.8121574489287494 0.07735426008968602 0.10961634280019922
0 0.45011210762331844 0.4484304932735427 0.07062780269058301 0.13552566018933723
0 0.3267937219730942 0.4404583956153463 0.0571748878923767 0.0956651718983558
0 0.23150224215246637 0.4115595416043847 0.03923766816143498 0.11360239162929751
0 0.11883408071748879 0.39860488290981566 0.08071748878923765 0.07573492775286496
0 0.02242152466367713 0.41056302939711015 0.040358744394618826 0.07573492775286503
0 0.0072869955156950675 0.06178375685102143 0.014573991031390135 0.07174887892376682
