0 0.968609865470852 0.17538614848031892 0.056053811659192834 0.09965122072745392
0 0.8548206278026906 0.13452914798206275 0.04372197309417032 0.08171400099651221
0 0.7864349775784754 0.1704035874439462 0.05493273542600903 0.10961634280019932
0 0.765134529147982 0.43746885899352267 0.0661434977578476 0.09765819631290483
0 0.8699551569506727 0.4813153961136024 0.049327354260089745 0.11758844045839567
0 0.9512331838565024 0.48629795714997515 0.07286995515695067 0.09566517189835572
0 0.9433856502242152 0.789237668161435 0.05269058295964129 0.08370702541106141
0 0.8565022421524665 0.7573492775286499 0.047085201793722005 0.06776283009466866
0 0.7477578475336323 0.7882411559541603 0.06950672645739928 0.07772795216741414
0 0.608183856502242 0.750373692077728 0.06165919282511211 0.10164424514200306
0 0.6283632286995515 0.41753861484803195 0.08408071748878931 0.1415047334329845
0 0.6502242152466366 0.11659192825112108 0.07174887892376682 0.08968609865470853
0 0.5386771300448431 0.10762331838565022 0.05044843049327355 0.08370702541106129
0 0.4417040358744394 0.07473841554559044 0.07174887892376682 0.06975585450921774
0 0.3553811659192825 0.0737419033383159 0.07847533632286993 0.09965122072745392
0 0.2617713004484305 0.05281514698555057 0.030269058295964157 0.07374190333831589
0 0.05661434977578475 0.03188839063278525 0.041479820627802685 0.0637767812655705
0 0.16760089686098656 0.04484304932735426 0.03475336322869959 0.06178375685102142
0 0.12948430493273544 0.017937219730941704 0.01681614349775785 0.027902341803687093
0 0.05941704035874439 0.3358246138515197 0.05605381165919282 0.07374190333831589
0 0.16760089686098656 0.3726955655206777 0.06614349775784754 0.08769307424015942
0 0.25448430493273544 0.3886397608370703 0.03811659192825111 0.0478325859491779
0 0.35313901345291476 0.3966118584952666 0.0672645739910314 0.09566517189835572
0 0.4523542600896861 0.41454907822620823 0.05269058295964129 0.07972097658196318
0 0.5375560538116592 0.41355256601893375 0.04372197309417032 0.09367214748380662
0 0.5056053811659192 0.7264573991031391 0.056053811659192834 0.07374190333831593
0 0.42993273542600896 0.7125062282012954 0.06165919282511211 0.0857000498256103
0 0.34473094170403584 0.6915794718485302 0.06165919282511204 0.07972097658196318
0 0.2528026905829596 0.672645739910314 0.06165919282511211 0.06576980568011961
0 0.1608744394618834 0.6826108619830593 0.052690582959641255 0.06975585450921777
0 0.062219730941704035 0.6327852516193323 0.07286995515695067 0.10164424514200306
0 0.0672645739910314 0.9536621823617338 0.04260089686098656 0.07374190333831578
0 0.17208520179372197 0.9663677130044843 0.052690582959641234 0.0672645739910314
0 0.24607623318385652 0.9673642252117588 0.06165919282511211 0.06527154957648236
0 0.3408071748878923 0.9815645241654211 0.031390134529147955 0.025909317389138094
0 0.45011210762331844 0.9892874937717987 0.0571748878923767 0.021425012456402614
