0 0.10860034161599148 0.0869684317562221 0.13062520213727857 0.1739368635124442
0 0.28961658487075587 0.11075852076232001 0.12668161434977573 0.22151704152464002
0 0.48388844762167776 0.1230358634611361 0.1393412008632027 0.17805648889062142
0 0.6581161174615976 0.15595231729331865 0.1507116900926611 0.2549493701016685
0 0.8545836905579249 0.19678145308974554 0.12057101090476267 0.24119487773314874
0 0.9831838565022422 0.11778143270142598 0.0336322869955157 0.04583956153462882
0 0.8384188958803932 0.588714171264101 0.15510725786005358 0.2533107791810555
0 0.6580894963119942 0.6096251521208051 0.16122200838164688 0.2586125364289506
0 0.4804077870688864 0.557597749603436 0.14011678171491368 0.23987179673376463
0 0.2771850618855635 0.5436308032055308 0.10087911355347816 0.18242852220577963
0 0.10277784417666304 0.4980788868903008 0.07467787507650023 0.1112549337208104
0 0.07542003460036323 0.9438970187074766 0.06306837506398166 0.1074479447838271
0 0.2819506726457398 0.9876489028511877 0.05493273542600892 0.024702194297624804
0 0.47921572110342603 0.9783662198045059 0.05415300749771789 0.036291974940066966
0 0.6465906279744692 0.9653554253011485 0.09695327319904512 0.0692891493977032
0 0.8403551949080051 0.984482149482395 0.02614384910118963 0.031035701035210108
