0 0.11883408071748879 0.11858495266567017 0.14798206278026907 0.21723966118584953
0 0.3054932735426009 0.14050822122571002 0.16255605381165913 0.1654210264075735
0 0.49159192825112114 0.1474838066766318 0.11995515695067262 0.15545590433482812
0 0.6530269058295964 0.12456402590931738 0.10874439461883412 0.16143497757847533
0 0.827914798206278 0.12556053811659193 0.10874439461883412 0.1913303437967115
0 0.9557174887892377 0.1556552037351691 0.08856502242152459 0.1717986984519027
0 0.8189461883408071 0.5042351768809168 0.11322869955156961 0.15944195316392623
0 0.6317264573991033 0.5251619332336821 0.11995515695067276 0.16542102640757356
0 0.4966367713004485 0.5122072745391131 0.13677130044843047 0.20328849028400597
0 0.3054932735426009 0.49526656701544597 0.1580717488789238 0.21723966118584953
0 0.14349775784753366 0.48330842052815143 0.14349775784753366 0.20926756352765316
0 0.013452914798206279 0.4635774757830017 0.026905829596412557 0.15306428111959705
0 0.003923766816143498 0.8940707493256025 0.007847533632286996 0.033482816246652336
0 0.13396860986547085 0.8908819133034379 0.15807174887892375 0.19531639262580952
0 0.31109865470852016 0.8856502242152468 0.13340807174887892 0.22869955156950666
0 0.4915919282511211 0.908570004982561 0.12219730941704028 0.18285999003487802
0 0.6619955156950672 0.8968609865470853 0.11995515695067262 0.19930244145490789
0 0.8301569506726457 0.9225211758844045 0.12443946188340803 0.15495764823119088
0 0.9921524663677129 0.9668161404566439 0.01569506726457405 0.044245135920761666
0 0.9871076233183856 0.5971101115577899 0.025784753363228673 0.06616840448080154
