0 0.04035874439461883 0.1733931240657698 0.0672645739910314 0.11160936721474839
0 0.14461883408071752 0.17438963627304435 0.0650224215246637 0.08968609865470854
0 0.25672645739910316 0.1783756851021425 0.09641255605381165 0.11758844045839562
0 0.34809417040358737 0.20926756352765324 0.0571748878923767 0.07174887892376677
0 0.4366591928251121 0.21425012456402592 0.0661434977578476 0.07772795216741407
0 0.54652466367713 0.2112605879422023 0.08408071748878924 0.055804683607374166
0 0.6457399103139013 0.2132536123567514 0.07623318385650223 0.10363726955655206
0 0.7387892376681614 0.20528151469855507 0.069506726457399 0.08769307424015946
0 0.8637892376681614 0.2212257100149477 0.07062780269058294 0.0837070254110613
0 0.952354260089686 0.19431988041853512 0.036995515695067385 0.10164424514200297
0 0.9573991031390133 0.5650224215246638 0.05381165919282509 0.12556053811659196
0 0.7477578475336323 0.5580468360737418 0.05829596412556043 0.10762331838565017
0 0.6552690582959642 0.5291479820627804 0.08408071748878918 0.12157448928749381
0 0.5089686098654709 0.5251619332336821 0.08295964125560537 0.0857000498256103
0 0.43049327354260086 0.5201793721973094 0.056053811659192834 0.09566517189835572
0 0.33968609865470856 0.521175884404584 0.07399103139013452 0.07374190333831593
0 0.2460762331838565 0.5002491280518186 0.030269058295964088 0.0558046836073742
0 0.12107623318385649 0.49227703039362225 0.02914798206278027 0.04384653712007967
0 0.041479820627802685 0.5042351768809168 0.06726457399103138 0.1195814648729447
0 0.06109865470852018 0.8231190832087694 0.0594170403587444 0.08769307424015935
0 0.15526905829596413 0.8460388639760837 0.06390134529147984 0.08968609865470853
0 0.25392376681614354 0.8550074738415546 0.08183856502242154 0.1116093672147484
0 0.34641255605381177 0.8570004982561037 0.06502242152466373 0.1116093672147484
0 0.4585201793721973 0.8699551569506727 0.07623318385650223 0.12556053811659196
0 0.5431614349775785 0.8520179372197311 0.06838565022421512 0.11758844045839552
0 0.6619955156950672 0.8649725959142998 0.08856502242152481 0.11559541604384649
0 0.7589686098654709 0.8589935226706529 0.07399103139013448 0.13552566018933732
0 0.8565022421524663 0.8829098156452417 0.058295964125560575 0.08370702541106127
0 0.960762331838565 0.9417040358744395 0.06278026905829591 0.0857000498256103
