0 0.03699551569506727 0.13652217239661188 0.06502242152466368 0.1295465869456901
0 0.12219730941704036 0.17438963627304435 0.08071748878923765 0.12556053811659193
0 0.226457399103139 0.16043846537120082 0.08520179372197308 0.1375186846038864
0 0.3071748878923767 0.1654210264075735 0.05605381165919287 0.11160936721474835
0 0.39630044843049334 0.15944195316392626 0.06838565022421526 0.12356751370204283
0 0.4977578475336323 0.16841056302939714 0.07847533632287003 0.12157448928749376
0 0.5745515695067265 0.16940707523667164 0.04820627802690581 0.09566517189835577
0 0.6821748878923767 0.18734429496761337 0.06390134529147985 0.08769307424015943
0 0.7713004484304932 0.20727453911310417 0.06726457399103125 0.10762331838565027
0 0.8766816143497758 0.22022919780767314 0.0672645739910314 0.10563029397110114
0 0.9831838565022422 0.19850522864797426 0.0336322869955157 0.06616840448080158
0 0.9820627802690584 0.5171898355754858 0.029147982062780357 0.0817140009965123
0 0.9859865470852017 0.8432486267546011 0.028026905829596417 0.10802191718633225
0 0.028026905829596417 0.43647234678624813 0.053811659192825115 0.12356751370204293
0 0.10482062780269058 0.44942700548081715 0.0952914798206278 0.1454907822620828
0 0.20347533632286996 0.4663677130044843 0.0975336322869955 0.13153961136023917
0 0.2998878923766817 0.47633283507722973 0.06165919282511215 0.1195814648729447
0 0.40358744394618834 0.497259591429995 0.06502242152466366 0.08968609865470853
0 0.4938340807174888 0.4912805181863477 0.05941704035874437 0.11360239162929738
0 0.5924887892376681 0.4982561036372695 0.06838565022421526 0.10762331838565017
0 0.6883408071748879 0.5002491280518186 0.05156950672645735 0.10762331838565017
0 0.7841928251121075 0.5132037867463877 0.07511210762331828 0.09765819631290483
0 0.8946188340807175 0.5201793721973094 0.0672645739910314 0.12356751370204279
0 0.8800448430493273 0.8689586447433981 0.06950672645739914 0.1116093672147484
0 0.7769058295964126 0.8360737419033382 0.07399103139013448 0.09765819631290483
0 0.6849775784753364 0.841056302939711 0.0672645739910314 0.09167912306925757
0 0.5840807174887892 0.8141504733432984 0.06950672645739907 0.12157448928749374
0 0.4848654708520179 0.8121574489287494 0.07511210762331828 0.09765819631290483
0 0.40582959641255606 0.7982062780269058 0.07174887892376675 0.10961634280019922
0 0.32511210762331844 0.7713004484304932 0.08295964125560537 0.11958146487294485
0 0.21973094170403584 0.7583457897359243 0.05829596412556054 0.07374190333831593
0 0.13172645739910316 0.750373692077728 0.039237668161434966 0.057797708021923314
0 0.043721973094170405 0.7513702042850025 0.04708520179372197 0.07174887892376675
