0 0.03026905829596413 0.21425012456402592 0.04708520179372198 0.08570004982561034
0 0.1591928251121076 0.22720478325859492 0.06950672645739911 0.11559541604384656
0 0.024663677130044845 0.6826108619830593 0.04484304932735426 0.11360239162929738
0 0.1788116591928251 0.6955655206776282 0.0773542600896861 0.11958146487294463
0 0.476457399103139 0.1963129048330842 0.1143497757847534 0.14150473343298453
0 0.48822869955156944 0.672645739910314 0.12892376681614345 0.18136522172396624
0 0.655829596412556 0.6626806178375685 0.08520179372197298 0.1614349775784754
0 0.6659192825112108 0.2222222222222222 0.10089686098654717 0.1733931240657698
0 0.8721973094170404 0.2690582959641256 0.10762331838565017 0.17538614848031886
0 0.8458520179372198 0.7125062282012955 0.07959641255605376 0.13751868460388636
0 0.9747757847533631 0.7605381135508144 0.05044843049327355 0.16980567403735364
0 0.9770179372197311 0.2592924732917211 0.04596412556053806 0.09207772186993961
