0 0.02557608111181263 0.35506621669689475 0.05115216222362526 0.09038453745636951
0 0.16452405538895412 0.352054926584494 0.09843931102493428 0.1814718306893596
0 0.33715755896081623 0.3858416886554616 0.08014471433419754 0.11059110151689651
0 0.5317120166228024 0.3750813163172061 0.05746127511989573 0.11570202500924358
0 0.6323047429487599 0.3544189238904503 0.049673709030642194 0.09702285949548743
0 0.8071094092547186 0.3547583457897349 0.07359815956420021 0.07573492775286436
0 0.775546097340288 0.8028809681561107 0.08374781320588803 0.13944860703418696
0 0.6355370143729983 0.7995737631255695 0.06801482277675626 0.12681161674832614
0 0.4521633352713348 0.8032954480286714 0.08324602848312392 0.13972492694923083
0 0.31588709430184264 0.7510623333778378 0.09962035480115353 0.14093249859981213
0 0.14450562423847355 0.7310689872481012 0.08516629885583436 0.1595920691104716
0 0.018814128846571437 0.771693174812469 0.037628257693142875 0.09679004656160389
0 0.6256205056596229 0.025250272142508138 0.0627802690582955 0.05050054428501626
0 0.5230842504332668 0.02092871129140375 0.06660978761447521 0.04036571126262885
0 0.8002275219034063 0.02146548525517429 0.03734187046562001 0.04293097051034858
0 0.3424556278235738 0.014057779867239656 0.04379539112486206 0.028115559734479312
