0 0.024103139013452915 0.24733432680442669 0.04820627802690583 0.09128052426857558
0 0.01961883408071749 0.5520677628300947 0.03699551569506726 0.09167912306925757
0 0.020179372197309416 0.8211260587942202 0.03587443946188341 0.07174887892376688
0 0.09585201793721973 0.009965122072745391 0.03699551569506727 0.019930244145490782
0 0.18721973094170402 0.02491280518186348 0.06053811659192821 0.04982561036372696
0 0.27298206278026904 0.039860488290981565 0.07959641255605383 0.07972097658196313
0 0.3553811659192825 0.03587443946188341 0.058295964125560575 0.06776283009466867
0 0.44506726457399104 0.03587443946188341 0.056053811659192834 0.06776283009466867
0 0.5285874439461884 0.04982561036372696 0.03923766816143491 0.055804683607374186
0 0.6283632286995516 0.06576980568011959 0.06165919282511211 0.08769307424015946
0 0.7040358744394618 0.09466865969108122 0.058295964125560575 0.09367214748380669
0 0.8094170403587444 0.09367214748380669 0.049327354260089606 0.07972097658196313
0 0.0992152466367713 0.25610363726955654 0.04596412556053812 0.10164424514200299
0 0.1804932735426009 0.2610861983059293 0.056053811659192834 0.1116093672147484
0 0.2718609865470852 0.27105132037867463 0.05493273542600896 0.09566517189835576
0 0.3542600896860986 0.2869955156950673 0.049327354260089676 0.0916791230692576
0 0.4422645739910314 0.3168908819133034 0.05493273542600903 0.09566517189835576
0 0.5336322869955157 0.3208769307424016 0.058295964125560505 0.10363726955655206
0 0.6272421524663677 0.3248629795714998 0.04820627802690588 0.11160936721474844
0 0.7051569506726457 0.3657199800697558 0.06278026905829591 0.08171400099651223
0 0.7926008968609866 0.3856502242152466 0.069506726457399 0.11360239162929738
0 0.922645739910314 0.3726955655206777 0.04484304932735441 0.07972097658196312
0 0.9265695067264573 0.10762331838565022 0.028026905829596417 0.059790732436472344
0 0.09865470852017938 0.5690084703537618 0.04260089686098655 0.10164424514200299
0 0.1788116591928251 0.5411061285500748 0.05717488789237669 0.10563029397110114
0 0.27242152466367714 0.5680119581464873 0.03811659192825111 0.07174887892376682
0 0.44786995515695066 0.5759840558046836 0.04147982062780273 0.08370702541106127
0 0.547085201793722 0.6168410563029397 0.05829596412556043 0.08570004982561037
0 0.6210762331838565 0.6038863976083707 0.042600896860986594 0.07174887892376682
0 0.7180493273542601 0.6218236173393125 0.05269058295964115 0.07573492775286503
0 0.780829596412556 0.6387643248629796 0.03923766816143498 0.07374190333831593
0 0.9164798206278028 0.6646736422521176 0.04372197309417032 0.03786746387643248
0 0.10257847533632286 0.8609865470852017 0.05044843049327354 0.07573492775286511
0 0.1860986547085202 0.8460388639760836 0.044843049327354265 0.08171400099651223
0 0.2763452914798206 0.8709516691579472 0.052690582959641255 0.08769307424015949
0 0.36827354260089684 0.8659691081215746 0.05941704035874437 0.06178375685102153
0 0.44562780269058294 0.8639760837070254 0.03475336322869957 0.07374190333831593
0 0.5594170403587444 0.8878923766816144 0.056053811659192904 0.06576980568011961
0 0.632286995515695 0.8948679621325362 0.049327354260089745 0.07573492775286496
0 0.7146860986547086 0.914798206278027 0.04372197309417032 0.07972097658196318
0 0.7853139013452914 0.9217737917289486 0.04147982062780273 0.05381165919282509
0 0.8996636771300449 0.9456900847035377 0.03699551569506724 0.061783756851021394
