0 0.1709641255605381 0.0787244643746886 0.11098654708520178 0.1574489287493772
0 0.3273542600896861 0.09566517189835576 0.1345291479820628 0.18734429496761337
0 0.5033632286995515 0.08271051320378675 0.10986547085201785 0.16143497757847533
0 0.7073991031390134 0.08271051320378675 0.10762331838565017 0.1654210264075735
0 0.8553811659192826 0.08669656203288492 0.14125560538116588 0.17339312406576984
0 0.9635650224215246 0.07892376377502958 0.07286995515695067 0.13791728340456838
0 0.15639013452914796 0.4773293472845042 0.08408071748878922 0.14549078226208267
0 0.32903587443946186 0.5002491280518186 0.09753363228699556 0.14349775784753363
0 0.5196188340807174 0.4783258594917788 0.11995515695067262 0.22720478325859494
0 0.711322869955157 0.5002491280518186 0.16255605381165913 0.23916292974588926
0 0.8710762331838565 0.4743398106626806 0.14573991031390135 0.23119083208769317
0 0.9899103139013454 0.5014449396594342 0.020179372197309392 0.11400099042997944
0 0.012331838565022422 0.8799202790234181 0.024663677130044845 0.13353263577478827
0 0.041479820627802685 0.6497259591429995 0.049327354260089676 0.09965122072745387
0 0.15022421524663676 0.8908819133034379 0.10313901345291479 0.15146985550573006
0 0.3239910313901346 0.9078226208271051 0.07847533632287 0.14549078226208267
0 0.48430493273542596 0.9267563527653215 0.08295964125560537 0.13552566018933732
0 0.6760089686098655 0.92152466367713 0.10986547085201792 0.15695067264573992
0 0.8424887892376682 0.92152466367713 0.10874439461883412 0.15695067264573992
0 0.9854260089686099 0.9444444444444444 0.029147982062780214 0.11111111111111116
