0 0.9732879837547828 0.9626789361681881 0.0534240324904344 0.07464212766362377
0 0.8549232303965405 0.9519503819596593 0.05579917423302241 0.09609923608068095
0 0.7748631863994845 0.9455313226302475 0.056118399206181536 0.09039546494607055
0 0.6718818783420274 0.9352663970454772 0.08179676114843458 0.1294672059090426
0 0.577202250612475 0.9126227772521947 0.07183248667174148 0.1232027044794672
0 0.4820684761873029 0.9115283045087241 0.07954321684556417 0.11840593843859763
0 0.3928631220834571 0.8839434868516156 0.06845023777120375 0.10954202480199665
0 0.2972030104063115 0.8955570762701199 0.07253933834729104 0.12362157954646373
0 0.2088982959740941 0.8794169598813353 0.07652581097441616 0.13666068231612177
0 0.11000418140160216 0.8997221844020464 0.0617503782273442 0.1327354800998743
0 0.032982445212697484 0.8763801381835142 0.06596489042539497 0.13885640857149534
0 0.02159877146665782 0.5548242193804248 0.04319754293331564 0.1137172139350561
0 0.10326251798375546 0.5626105220431227 0.0551607242867047 0.10086056085243733
0 0.21128866909054048 0.5725857701927569 0.0653530383343222 0.10501549783171801
0 0.3087748015852961 0.5734505532489519 0.0588128166321572 0.1145144597614812
0 0.39994109822921514 0.591107407832414 0.058474571458011715 0.10799490837665102
0 0.48774035199133564 0.592296450727853 0.06993997121602043 0.11815595152178762
0 0.5749296861086246 0.5900703462418252 0.06978796173881076 0.09662452510652882
0 0.6726989356207922 0.614256878287007 0.06881508080059383 0.10692073286271472
0 0.7709128217280934 0.6362206962303598 0.07388463996915598 0.11909505257618083
0 0.8584536745920377 0.6481382933343377 0.06729117184627678 0.0962326829617489
0 0.9698563533259993 0.6527999398399102 0.06028729334800154 0.13878209057329988
0 0.961336168882779 0.31333722461230135 0.052717180814884544 0.1067585353294543
0 0.8574504069714386 0.3081959015026367 0.060275901511499974 0.10873130759022505
0 0.7694212065472761 0.3003791755335144 0.06254846601535544 0.11550084589186657
0 0.6713498451718032 0.30502396026953077 0.06575968523769922 0.1176425063028168
0 0.5882248955113694 0.2874008743009538 0.0616896048625992 0.08894969944113516
0 0.48881774261452726 0.28237441857280743 0.05395227683353145 0.12062191684775096
0 0.3810253016418013 0.26926773349761973 0.056555458147046295 0.09377349840421761
0 0.2917743294817243 0.2565596713356463 0.05063842966222558 0.08897673236334701
0 0.2194744225418571 0.23549779544758628 0.060253117838499445 0.1096433757224096
0 0.10684046197149602 0.23607543258786662 0.06534164649782159 0.10854216728626814
0 0.017340573658612114 0.2508913865459085 0.03468114731722423 0.07537011853029454
0 0.947374029942462 0.025801230776053327 0.05017100939410225 0.051602461552106654
0 0.8477274456381924 0.028493495405074985 0.0575207107207792 0.05698699081014997
0 0.7731986851595833 0.03868157147242164 0.06563427361573057 0.07736314294484328
0 0.6572147948172887 0.03509075517232105 0.06062553852214702 0.0701815103446421
0 0.5676598037027919 0.018048696728242407 0.03417192317511288 0.036097393456484814
0 0.4843049327354254 0.0189153082338639 0.016241185527054183 0.03783061646772779
0 0.21311779414719034 0.9600313800201747 0.03759979013188317 0.032388364466409934
