0 0.8755942583251088 0.2633078842481226 0.1074486465969672 0.19943694823587374
0 0.8344706936403098 0.7644055670481498 0.10610059017089526 0.1991679346739362
0 0.9904557200050728 0.3170620495718936 0.019088559989843615 0.042706973790394835
0 0.6583709329532887 0.7850095071265905 0.10149522913528623 0.19881821704342006
0 0.991323008202457 0.8570371591337219 0.0173539835950609 0.08011711461153408
0 0.685053238539628 0.2634900494164839 0.10669895831963468 0.1965684677169247
0 0.513596668920364 0.2153676928741706 0.10404824150606955 0.17503643084979664
0 0.4955308270801209 0.7035645196920123 0.11237999954984818 0.1829816271517992
0 0.34309817957564515 0.6775402905250022 0.10355579744734428 0.19182918091439918
0 0.3585889646666242 0.18386322758119986 0.11149412315678559 0.20227852739863345
0 0.19038213365046797 0.14563259539614923 0.12332660529745895 0.19581522974349513
0 0.18332277196846516 0.6803964823939574 0.11552446770375008 0.21175942505988915
0 0.04672548966791554 0.1195276621605558 0.09345097933583107 0.17500952949360307
0 0.04387740304637858 0.642521712164429 0.08775480609275715 0.18047747696956656
