0 0.2931614349775785 0.4444444444444444 0.07286995515695067 0.11559541604384656
0 0.07567264573991031 0.8330842052815147 0.06838565022421525 0.13552566018933732
0 0.26681614349775784 0.8849028400597908 0.09865470852017942 0.1195814648729447
0 0.469170403587444 0.8998505231689089 0.12219730941704036 0.1574489287493772
0 0.6507847533632287 0.914798206278027 0.07286995515695067 0.09965122072745387
0 0.8155829596412556 0.9424514200298952 0.07511210762331828 0.11509715994020936
0 0.4730941704035875 0.42451420029895365 0.10538116591928258 0.13552566018933732
0 0.6575112107623318 0.4474339810662681 0.08183856502242143 0.1733931240657698
0 0.8290358744394618 0.47035376183358246 0.08632286995515685 0.1474838066766317
0 0.4893497757847534 0.029895366218236172 0.08632286995515699 0.059790732436472344
0 0.6356502242152466 0.06078724464374689 0.12780269058295965 0.07772795216741406
0 0.8396860986547086 0.04185351270553064 0.08744394618834078 0.05580468360737419
0 0.9764573991031389 0.05999003183681334 0.047085201793722005 0.09207772186993958
0 0.9882286995515696 0.9319382132020351 0.023542600896860933 0.03428001384801632
