0 0.9501121076233184 0.1265570503238665 0.07735426008968602 0.11360239162929747
0 0.9501121076233184 0.4265072247135028 0.0661434977578476 0.13153961136023917
0 0.8396860986547086 0.1195814648729447 0.0807174887892377 0.1395117090184355
0 0.7404708520179372 0.09267563527653215 0.07735426008968602 0.10961634280019933
0 0.6479820627802692 0.0866965620328849 0.0896860986547086 0.14150473343298456
0 0.5510089686098655 0.06576980568011959 0.06838565022421526 0.1195814648729447
0 0.460762331838565 0.059790732436472344 0.07623318385650223 0.09167912306925759
0 0.3738789237668162 0.05680119581464873 0.05269058295964122 0.08570004982561036
0 0.2741031390134529 0.04484304932735426 0.05941704035874437 0.08171400099651221
0 0.19899103139013455 0.05281514698555058 0.06165919282511208 0.08968609865470853
0 0.1008968609865471 0.054808171400099644 0.07174887892376683 0.06576980568011959
0 0.09641255605381165 0.36472346786248133 0.0717488789237668 0.09167912306925757
0 0.19394618834080718 0.356751370204285 0.06502242152466366 0.07972097658196314
0 0.2741031390134529 0.3607374190333832 0.06165919282511208 0.08769307424015946
0 0.382847533632287 0.36173393124065767 0.09304932735426007 0.10563029397110121
0 0.46973094170403584 0.3886397608370703 0.05381165919282509 0.1036372695565521
0 0.5655829596412556 0.38963627304434484 0.05493273542600896 0.07772795216741407
0 0.6608744394618834 0.40159441953163927 0.06390134529147985 0.09367214748380676
0 0.7617713004484306 0.4205281514698555 0.08183856502242151 0.11160936721474833
0 0.8531390134529147 0.4125560538116592 0.060538116591928176 0.1116093672147484
0 0.9433856502242154 0.7125062282012955 0.07959641255605376 0.11758844045839567
0 0.8413677130044843 0.7065271549576483 0.07959641255605376 0.09765819631290469
0 0.7449551569506727 0.6915794718485302 0.0661434977578476 0.09965122072745401
0 0.656390134529148 0.6776283009466866 0.05269058295964122 0.08370702541106119
0 0.4630044843049327 0.665670154459392 0.08520179372197305 0.10762331838565017
0 0.39237668161434974 0.6846038863976085 0.042600896860986524 0.08171400099651223
0 0.29316143497757846 0.674638764324863 0.08856502242152466 0.11360239162929744
0 0.20123318385650227 0.6547085201793722 0.06614349775784753 0.06975585450921784
0 0.10426008968609865 0.635774788241156 0.060538116591928245 0.07972097658196312
0 0.014573991031390135 0.659890380616086 0.02914798206278027 0.0833084266103792
0 0.010089686098654708 0.343796711509716 0.013452914798206277 0.08570004982561037
0 0.012331838565022422 0.03986048829098157 0.024663677130044845 0.07972097658196314
0 0.020179372197309416 0.9658196282493694 0.03811659192825112 0.062182355651703464
0 0.11378923766816143 0.9494270054808172 0.0773542600896861 0.10114598903836565
0 0.19899103139013455 0.9576482311908321 0.025784753363228708 0.06975585450921784
0 0.2791479820627803 0.9534130543099153 0.06950672645739914 0.09317389138016935
0 0.3856502242152466 0.9723467862481315 0.05381165919282516 0.05530642750373687
0 0.4758968609865471 0.9733432984554061 0.06165919282511211 0.05331340308918783
0 0.5667040358744394 0.9693572496263079 0.05044843049327362 0.06128550074738413
0 0.6687219730941705 0.9793223716990533 0.04372197309417032 0.0413552566018933
0 0.7561659192825112 0.9713502740408569 0.06614349775784746 0.05729945191828605
0 0.8391255605381166 0.9857498723948601 0.03475336322869964 0.02630791618982002
