0 0.08007844668726814 0.3578240713063348 0.10293194070760217 0.17397700492621507
0 0.04195825049839423 0.840802456956873 0.08391650099678846 0.17944838620419298
0 0.19591698368189361 0.8442299042240302 0.07884662556018218 0.15517677905348515
0 0.22758207959694346 0.3903472523958347 0.0784681278016226 0.18131466312695424
0 0.22859241093622704 0.0463219742017923 0.08300249750891714 0.0926439484035846
0 0.5582352840062142 0.04683607374190294 0.0824097184837988 0.09367214748380588
0 0.6957099109365826 0.05602684271726188 0.0884008059295238 0.11205368543452376
0 0.8717581315391371 0.058533966671921886 0.10110393373185907 0.11706793334384377
0 0.5282339785749075 0.3791189569840997 0.04475733682073033 0.10170761888789713
0 0.521675341928422 0.8292822211149062 0.09216376307720657 0.1800194519157551
0 0.7183028606135063 0.3964277938327632 0.09619827478725362 0.15757567624116167
0 0.6882158426755726 0.858333452915428 0.13079463004519848 0.23075932901680032
0 0.8528248000743236 0.890854944361504 0.13390072122487987 0.21829011127698453
0 0.8940368678374686 0.44164538005955944 0.09690520552981402 0.1781916204396449
