0 0.09024663677130045 0.07972097658196313 0.10201793721973093 0.15944195316392626
0 0.2696188340807175 0.09267563527653216 0.1132286995515695 0.16143497757847539
0 0.4433856502242152 0.07872446437468858 0.09753363228699556 0.1574489287493772
0 0.6014573991031391 0.11758844045839563 0.0908071748878924 0.15545590433482812
0 0.7544843049327354 0.14050822122571002 0.09417040358744387 0.0857000498256104
0 0.9697309417040358 0.17359242346611078 0.060538116591928176 0.09207772186993958
0 0.06390134529147982 0.4872944693572496 0.10538116591928251 0.15346287992027904
0 0.27466367713004486 0.4912805181863477 0.10538116591928251 0.19332336821126056
0 0.41591928251121074 0.5122072745391131 0.11659192825112108 0.15146985550572992
0 0.5891255605381166 0.5460886895864474 0.09080717488789247 0.14349775784753363
0 0.7539237668161434 0.5261584454409567 0.08408071748878924 0.11958146487294463
0 0.9243273542600897 0.5301444942700548 0.08408071748878924 0.12356751370204286
0 0.9237668161434978 0.8968609865470853 0.12556053811659182 0.1953163926258098
0 0.7623318385650224 0.8898854010961634 0.09417040358744401 0.1813652217239661
0 0.594170403587444 0.8918784255107124 0.11434977578475333 0.14947683109118104
0 0.42376681614349776 0.8888888888888888 0.11659192825112108 0.18734429496761323
0 0.23206278026905827 0.8669656203288492 0.13228699551569506 0.20727453911310406
0 0.08239910313901345 0.8570004982561037 0.10874439461883409 0.16342800199302446
