0 0.9736547085201793 0.14967613049152187 0.05269058295964129 0.08410562421174328
0 0.8705156950672646 0.12855007473841554 0.07511210762331828 0.12157448928749379
0 0.797085201793722 0.1295465869456901 0.06278026905829591 0.08769307424015947
0 0.7017937219730942 0.10264075734927752 0.044843049327354265 0.07772795216741407
0 0.6053811659192826 0.09367214748380669 0.07399103139013455 0.07573492775286497
0 0.5246636771300449 0.07972097658196313 0.049327354260089745 0.08370702541106129
0 0.4327354260089686 0.0787244643746886 0.047085201793721936 0.08171400099651221
0 0.3402466367713004 0.054808171400099644 0.03923766816143498 0.06178375685102142
0 0.20683856502242154 0.05181863477827604 0.05941704035874437 0.0916791230692576
0 0.09697309417040359 0.04683607374190334 0.03923766816143497 0.08968609865470853
0 0.08464125560538116 0.3258594917787743 0.061659192825112105 0.08171400099651223
0 0.013452914798206279 0.035874439461883414 0.026905829596412557 0.07174887892376683
0 0.014573991031390135 0.3240657667645662 0.02914798206278027 0.11718984165771364
0 0.22701793721973093 0.34977578475336324 0.0773542600896861 0.09765819631290483
0 0.34417040358744394 0.3487792725460887 0.05829596412556054 0.07174887892376677
0 0.4282511210762332 0.3726955655206776 0.07399103139013448 0.09167912306925757
0 0.5022421524663677 0.3776781265570503 0.040358744394618784 0.06975585450921777
0 0.6036995515695067 0.4025909317389138 0.07062780269058287 0.07573492775286496
0 0.6978699551569508 0.41654210264075736 0.05493273542600903 0.07174887892376675
0 0.7847533632286995 0.4444444444444444 0.047085201793721866 0.06776283009466866
0 0.8856502242152468 0.44544095665171896 0.044843049327354126 0.09367214748380669
0 0.960762331838565 0.4464374688589935 0.04260089686098638 0.07972097658196312
0 0.9770179372197311 0.739412057797708 0.04372197309417047 0.06377678126557057
0 0.875 0.7125062282012954 0.05269058295964129 0.05381165919282509
0 0.7982062780269058 0.7005480817140011 0.049327354260089745 0.0857000498256103
0 0.710762331838565 0.7045341305430992 0.0672645739910314 0.10164424514200292
0 0.6137892376681614 0.6945690084703537 0.06838565022421533 0.08570004982561046
0 0.5168161434977578 0.6706527154957648 0.044843049327354195 0.057797708021923314
0 0.4338565022421525 0.6527154957648231 0.056053811659192834 0.08570004982561046
0 0.3531390134529148 0.6517189835575485 0.04035874439461885 0.07972097658196318
0 0.2219730941704036 0.6327852516193323 0.05829596412556054 0.077727952167414
0 0.10369955156950673 0.6447433981066268 0.04372197309417041 0.06576980568011961
0 0.021860986547085202 0.625012453361477 0.043721973094170405 0.07334330453763392
0 0.10986547085201792 0.9347284504235176 0.06053811659192823 0.08769307424015935
0 0.22533632286995517 0.9257598405580468 0.044843049327354265 0.08968609865470853
0 0.3312780269058296 0.9466865969108121 0.057174887892376666 0.06377678126557043
0 0.42656950672645744 0.9556552067762831 0.04372197309417047 0.07772795216741414
0 0.625 0.9596412556053813 0.05269058295964129 0.07374190333831607
0 0.7012331838565022 0.9735924265072248 0.03475336322869964 0.049825610363727006
0 0.7942825112107624 0.9807673113584875 0.05044843049327355 0.036273038262565366
