0 0.062219730941704035 0.15246636771300448 0.05717488789237669 0.13751868460388642
0 0.1782511210762332 0.17438963627304435 0.06502242152466367 0.14150473343298453
0 0.2533632286995515 0.13652217239661188 0.10762331838565022 0.1933233682112606
0 0.42096412556053814 0.1375186846038864 0.09304932735426007 0.1195814648729447
0 0.6059417040358744 0.17040358744394615 0.08632286995515699 0.1454907822620827
0 0.7679372197309416 0.18535127055306425 0.11659192825112101 0.1833582461385152
0 0.9377802690582959 0.16940707523667167 0.11995515695067255 0.18335824613851526
0 0.9159192825112108 0.5939212755356253 0.1300448430493273 0.1714000996512207
0 0.7690582959641256 0.5779770802192327 0.12107623318385635 0.1833582461385152
0 0.5739910313901345 0.5869456900847035 0.09865470852017935 0.14947683109118096
0 0.4433856502242152 0.5560538116591929 0.08183856502242158 0.12755356253114095
0 0.24439461883408073 0.5311410064773293 0.11659192825112108 0.1733931240657698
0 0.11715246636771301 0.5819631290483308 0.09080717488789236 0.1953163926258096
0 0.08968609865470852 0.8619830592924762 0.11883408071748879 0.16940707523667173
0 0.23598654708520178 0.8849028400597908 0.09753363228699548 0.17140009965122074
0 0.39966367713004486 0.8908819133034379 0.11322869955156953 0.17538614848031883
0 0.5980941704035875 0.9294967613353264 0.08408071748878918 0.14100647732934718
0 0.7399103139013454 0.9165421026407574 0.09417040358744401 0.16691579471848528
0 0.9248878923766816 0.9384653712007972 0.08520179372197305 0.12306925759840553
