0 0.10988816887130542 0.32379921397373723 0.12084925299096944 0.2145472015102577
0 0.2518102364590763 0.2930283916511003 0.10648711013960505 0.1831430352889617
0 0.40962063129577425 0.26167188381719514 0.12037194094510184 0.20534993011713976
0 0.5883298225813998 0.2648166842511841 0.12439406584483026 0.22472753443255414
0 0.783306295078234 0.23024812259280503 0.09727638806839466 0.15292485279639956
0 0.9417796959387299 0.1850455885107184 0.09210983527538746 0.1505356751467132
0 0.973654708520172 0.6697075452297645 0.05269058295964073 0.19488104938448075
0 0.8361412858008381 0.6945286564360608 0.12101570513242016 0.22039176797293528
0 0.6609005936639807 0.7294603864030591 0.1173113525027338 0.23030308733329385
0 0.47868441955664687 0.7405430767859493 0.11889460876892417 0.20091884688274061
0 0.32506671158473643 0.7617999557661392 0.12737899422290463 0.20904006402810374
0 0.16776389281962317 0.8220418669329099 0.12156867724258166 0.21233896624615745
0 0.031432074384913564 0.8426494905652356 0.06286414876982713 0.19541663094281447
