0 0.03643497757847534 0.356751370204285 0.06614349775784754 0.14349775784753363
0 0.25728699551569506 0.3796711509715994 0.06165919282511211 0.09367214748380662
0 0.4445067264573991 0.3956153462879921 0.09304932735426007 0.15346287992027904
0 0.609304932735426 0.3806676631788739 0.07959641255605383 0.1116093672147484
0 0.7589686098654709 0.38465371200797205 0.05381165919282523 0.10762331838565026
0 0.8811659192825112 0.5151968111609367 0.12556053811659182 0.1813652217239661
0 0.8497757847533631 0.9364723467862481 0.09192825112107628 0.12705530642750376
0 0.7275784753363229 0.9028400597907325 0.10538116591928258 0.08769307424015935
0 0.5739910313901345 0.8679621325361235 0.11434977578475333 0.10563029397110114
0 0.42825112107623325 0.8629795714997508 0.07174887892376682 0.0956651718983558
0 0.22757847533632286 0.8659691081215745 0.11434977578475337 0.16940707523667156
0 0.05493273542600898 0.8669656203288492 0.09417040358744395 0.17538614848031883
