0 0.13060538116591927 0.3607374190333832 0.0908071748878924 0.13552566018933734
0 0.3408071748878924 0.37668161434977576 0.07623318385650225 0.13951170901843551
0 0.5403587443946188 0.4075734927752865 0.09417040358744401 0.1175884404583956
0 0.734865470852018 0.43846537120079715 0.09529147982062781 0.15944195316392623
0 0.905829596412556 0.47334329845540607 0.08520179372197291 0.10563029397110114
0 0.8951793721973094 0.8799202790234181 0.07286995515695054 0.11758844045839567
0 0.7118834080717488 0.8530144494270055 0.09865470852017935 0.12356751370204279
0 0.5084080717488789 0.8221225710014948 0.10650224215246638 0.12556053811659182
0 0.3088565022421525 0.824115595416044 0.08856502242152473 0.11360239162929744
0 0.1008968609865471 0.7862481315396113 0.08968609865470852 0.1415047334329846
