0 0.9397205530591687 0.17901805352826677 0.05230231686535869 0.11710961637683155
0 0.0963048206354596 0.0959145324991834 0.06157279519632225 0.12077043690888091
0 0.17049505790249117 0.10967417376840126 0.05850128930275339 0.09888510219695162
0 0.2800154614746204 0.11916949012359247 0.062165339997257714 0.11343075911676335
0 0.36802554184457953 0.1355066932652819 0.04827133786613345 0.10643620674178617
0 0.4504139760888118 0.13338898855031897 0.06976591934376837 0.1237789404547597
0 0.5381592675073759 0.14252021256431402 0.05210818381821681 0.10850509885255635
0 0.6349118180113197 0.15276361072198824 0.07176007105381735 0.12374100660664894
0 0.716432249608441 0.1522269556722223 0.057994095660066705 0.10825573825172889
0 0.82109687034863 0.1703177711876787 0.06591788126163291 0.11304769985151232
0 0.09486001491194986 0.37144969271257494 0.05767088940501142 0.1139095831983265
0 0.18412584078803212 0.3738357249524215 0.05732634536039388 0.08679325704523383
0 0.2808565302671444 0.38696294635556205 0.062101326628571 0.12558043523668322
0 0.36875835198348 0.41019893705591465 0.04814121818767861 0.0788012622669459
0 0.5432153026867514 0.4310010131082651 0.059093834103687695 0.10584172072381767
0 0.6341678157423645 0.4292573492945436 0.06535681990976873 0.09970905169565668
0 0.8166018965211126 0.4656494768821369 0.06703895749481822 0.10783474513836828
0 0.7265813994812979 0.43596460722058195 0.055267133811115615 0.08863268567526796
0 0.9288116591928244 0.46982705534386004 0.039560874416490116 0.08403411410018263
0 0.03392348656622798 0.6681040691074019 0.06784697313245595 0.10743178875302437
0 0.0979595011306475 0.6680561866992452 0.07070405465986171 0.11327716333224755
0 0.1807895459430683 0.6788741737547944 0.06453761214207986 0.10720232527228674
0 0.2670316143344612 0.6884752034863465 0.06385762324181474 0.11716744734503225
0 0.3654601831231563 0.6980762332178898 0.06873124073937405 0.1180871616600491
0 0.4420811098386702 0.7001361069646507 0.035766704043532126 0.11776193336300073
0 0.5317778773881608 0.7099765487369791 0.04934869204965222 0.09006915791996038
0 0.6355800915462639 0.7267257266280209 0.061605325115936437 0.1038287991891773
0 0.7072801755906069 0.7328773625802394 0.050254297446131975 0.0856241821293893
0 0.9260033725448393 0.7611727122092223 0.04976948806354978 0.09591453249918391
0 0.0897938340730604 0.948803836527756 0.0751558296729836 0.1023923269444843
0 0.1829834267652861 0.9503946022039892 0.06914084462321894 0.09921079559201922
0 0.37127036623099796 0.9622858993590725 0.06814884159794934 0.07542820128185276
0 0.4567846973132461 0.9645183358144043 0.06407414054905847 0.07096332837119078
0 0.5409086136164286 0.9755567679866805 0.03826700292572715 0.04888646402663558
0 0.6198906203467147 0.9816605215307416 0.03376136020342842 0.03667895693851323
0 0.7083585762446708 0.9830500415633127 0.04188942451164828 0.033899916873369754
0 0.8004590993880543 0.9860199136140555 0.025223692011367375 0.02796017277188845
0 0.016492937242702243 0.37510833445229436 0.032985874485404486 0.07995479764735994
0 0.016519871097290195 0.090374170696659 0.03303974219458039 0.10755180827408925
0 0.9345445438608466 0.9905137020088184 0.022767115178835277 0.01897259598236306
0 0.26949576531657654 0.9569954491066432 0.06154235821779044 0.08600910178671209
0 0.008715536279398032 0.9611694192577673 0.017431072558796064 0.023526017088137934
