0 0.0515695067264574 0.20827105132037865 0.09417040358744394 0.1813652217239661
0 0.23150224215246637 0.2371699053313403 0.10874439461883405 0.15944195316392626
0 0.40639013452914796 0.2391629297458894 0.08856502242152466 0.15545590433482812
0 0.5891255605381166 0.2620827105132038 0.10650224215246645 0.18136522172396613
0 0.9573991031390133 0.2830094668659692 0.0807174887892377 0.12755356253114106
0 0.9467488789237669 0.7007473811143419 0.10650224215246638 0.17777777169554995
0 0.7735426008968609 0.6915794718485302 0.10762331838565017 0.15146985550573
0 0.5835201793721972 0.6706527154957648 0.14237668161434983 0.14947683109118082
0 0.42656950672645744 0.6766317887394121 0.08183856502242151 0.13353263577478827
0 0.23542600896860988 0.6547085201793722 0.11659192825112108 0.13751868460388658
0 0.0515695067264574 0.6457399103139013 0.09865470852017938 0.1714000996512206
