0 0.9428251121076232 0.9367214748380667 0.047085201793722005 0.09965122072745387
0 0.8234304932735427 0.8988540109616343 0.03923766816143498 0.06377678126557057
0 0.702354260089686 0.8858993522670653 0.05493273542600903 0.0697558545092177
0 0.633408071748879 0.8799202790234182 0.058295964125560505 0.09367214748380676
0 0.5504484304932735 0.8589935226706527 0.060538116591928315 0.0956651718983558
0 0.4669282511210763 0.8360737419033384 0.04596412556053814 0.08171400099651223
0 0.3660313901345292 0.8271051320378675 0.03923766816143498 0.07972097658196318
0 0.2819506726457399 0.8261086198305929 0.04147982062780273 0.08171400099651223
0 0.18665919282511212 0.8171400099651219 0.045964125560538104 0.06776283009466866
0 0.1132286995515695 0.8091679123069259 0.05829596412556052 0.08370702541106127
0 0.02410313901345291 0.8181365221723966 0.032511210762331835 0.09367214748380662
0 0.9260089686098655 0.6427503736920778 0.03587443946188344 0.08171400099651223
0 0.8318385650224215 0.6228201295465869 0.03587443946188344 0.05779770802192317
0 0.6967488789237669 0.5919282511210763 0.04372197309417047 0.07174887892376682
0 0.6210762331838565 0.5759840558046836 0.044843049327354265 0.04783258594917797
0 0.5442825112107623 0.560039860488291 0.04372197309417047 0.06776283009466866
0 0.452914798206278 0.560039860488291 0.04035874439461885 0.06776283009466866
0 0.367152466367713 0.534130543099153 0.03923766816143491 0.07972097658196318
0 0.18778026905829598 0.5231689088191331 0.039237668161434945 0.06576980568011968
0 0.1031390134529148 0.5112107623318386 0.06278026905829596 0.06975585450921777
0 0.02130044843049327 0.5173891349758268 0.04260089686098654 0.0932735486831247
0 0.9545964125560539 0.3756851021425012 0.041479820627802866 0.0857000498256103
0 0.8458520179372198 0.32884902840059793 0.05493273542600889 0.10363726955655213
0 0.9473094170403588 0.08171400099651221 0.03811659192825104 0.07174887892376682
0 0.8497757847533631 0.05979073243647235 0.049327354260089606 0.07573492775286499
0 0.02130044843049327 0.216442448378916 0.04260089686098654 0.10523169517041914
0 0.09585201793721973 0.2371699053313403 0.0773542600896861 0.10363726955655203
0 0.19618834080717487 0.24015944195316394 0.060538116591928245 0.07374190333831589
0 0.27858744394618834 0.2571001494768311 0.05493273542600896 0.10363726955655206
0 0.3660313901345292 0.2820129546586946 0.0594170403587443 0.08570004982561034
0 0.44450672645739914 0.2820129546586946 0.05044843049327362 0.09765819631290483
0 0.5526905829596412 0.2989536621823617 0.03811659192825111 0.08370702541106127
0 0.6210762331838565 0.3148978574987543 0.03587443946188337 0.051818634778276015
0 0.7068385650224215 0.35276532137518685 0.0661434977578476 0.0956651718983558
0 0.7219730941704036 0.04085700049825611 0.040358744394618784 0.06178375685102143
0 0.617713004484305 0.048829098156452415 0.047085201793721866 0.07374190333831589
0 0.54652466367713 0.03288490284005979 0.03699551569506724 0.06576980568011959
0 0.4517937219730942 0.010961634280019929 0.044843049327354195 0.021923268560039857
0 0.359304932735426 0.018933731938216243 0.02130044843049333 0.037867463876432486
0 0.2713004484304933 0.014947683109118086 0.05605381165919279 0.029895366218236172
0 0.16928251121076232 0.015944195316392625 0.04708520179372199 0.03188839063278525
