0 0.06894618834080718 0.1803687095166916 0.08632286995515695 0.16143497757847539
0 0.2219730941704036 0.1624314897857499 0.09865470852017935 0.10961634280019932
0 0.36322869955156956 0.14549078226208273 0.09417040358744391 0.1474838066766318
0 0.5106502242152466 0.11659192825112108 0.12668161434977576 0.1255605381165919
0 0.6945067264573992 0.08071748878923767 0.12668161434977585 0.14947683109118087
0 0.8733183856502242 0.059790732436472344 0.09641255605381162 0.11958146487294469
0 0.9344170403587444 0.5819631290483308 0.09304932735426007 0.15944195316392623
0 0.7371076233183856 0.5979073243647235 0.12443946188340817 0.1474838066766317
0 0.5751121076233184 0.6686596910812157 0.10313901345291476 0.1255605381165919
0 0.4377802690582959 0.6527154957648231 0.11771300448430487 0.1853512705530642
0 0.25672645739910316 0.6935724962630792 0.10089686098654706 0.16741405082212255
0 0.12724215246636775 0.6945690084703537 0.09977578475336327 0.14947683109118087
0 0.011210762331838564 0.7216741374671074 0.02242152466367713 0.09128052426857551
