0 0.034753363228699555 0.17060288684428715 0.06950672645739911 0.15306428111959702
0 0.20908071748878926 0.17638266068759342 0.10426008968609861 0.19730941704035876
0 0.37051569506726456 0.16143497757847533 0.13565022421524664 0.1833582461385152
0 0.5610986547085202 0.1813652217239661 0.14237668161434983 0.18734429496761337
0 0.7578475336322871 0.16442451420029894 0.14125560538116588 0.22521175884404582
0 0.9013452914798205 0.16342800199302437 0.09865470852017935 0.16342800199302437
0 0.8794843049327354 0.6108619830592925 0.09080717488789233 0.1733931240657698
0 0.7045964125560539 0.6128550074738415 0.1289237668161435 0.14947683109118082
0 0.524103139013453 0.5939212755356253 0.11098654708520173 0.17937219730941706
0 0.3408071748878923 0.5829596412556053 0.15919282511210764 0.20926756352765316
0 0.1771300448430493 0.5949177877428998 0.10762331838565023 0.19332336821126056
0 0.0493273542600897 0.6058794220229199 0.09417040358744395 0.17937219730941714
0 0.032511210762331835 0.92152466367713 0.06502242152466367 0.15695067264573992
0 0.20739910313901347 0.8986048829098157 0.13677130044843047 0.2027902341803687
0 0.4035874439461884 0.8966118584952666 0.09865470852017928 0.2067762830094668
0 0.5526905829596412 0.9255107125062281 0.11434977578475333 0.14897857498754363
0 0.7471973094170403 0.93248629795715 0.09304932735426007 0.13502740408570005
0 0.9019058295964126 0.9354758345789737 0.0997757847533633 0.1290483308420528
