0 0.00774855167316995 0.8317007524072849 0.0154971033463399 0.21109876735003807
0 0.0136067668506979 0.3261630329482198 0.0272135337013958 0.060853033327803445
0 0.030518126405826435 0.055009960001869536 0.06103625281165287 0.11001992000373907
0 0.1826219199204739 0.07099336586558877 0.08796359886333019 0.14198673173117754
0 0.352384277319836 0.08426074986746941 0.09806834856897004 0.16453545090584068
0 0.5200217542430713 0.07456914255470924 0.092155263298067 0.14913828510941848
0 0.717584005295041 0.11257336381113424 0.10757920651990492 0.1674140508221225
0 0.8832762756292608 0.16185194465489114 0.05778276429885128 0.06210891295990798
0 0.8940986419281228 0.4702495200644792 0.11260575953811086 0.1618385547820156
0 0.6980055171783198 0.46437468858993664 0.06601869396411461 0.1291946510910522
0 0.5109030582268567 0.4243774429189628 0.06771859834501445 0.08465763213457352
0 0.34950466071062974 0.41798809753533683 0.07545639179055175 0.12012849439291517
0 0.1783866830975999 0.3649319514006894 0.08941497461197496 0.11668947508378734
0 0.1758368265262492 0.8451465935379141 0.12814697475019243 0.23455143030217052
0 0.3325346651603799 0.886622349714355 0.08720940220785678 0.11984158976005471
0 0.5258250993272261 0.9006696334825791 0.11549990027669481 0.1986607330348395
0 0.7173532272163018 0.918952094131722 0.10990205091426758 0.16209581173655555
0 0.8737471276471973 0.923211657720805 0.10204698547849049 0.15357668455838938
