0 0.8800448430493273 0.166417538614848 0.07399103139013448 0.10961634280019927
0 0.9871076233183856 0.1476831060769728 0.025784753363228673 0.09207772186993961
0 0.9899103139013454 0.5163926227685522 0.020179372197309392 0.11200796601543032
0 0.8649103139013452 0.5122072745391131 0.08183856502242151 0.1195814648729447
0 0.9831838565022422 0.828300943645483 0.0336322869955157 0.1060288927717832
0 0.8918161434977578 0.8271051320378675 0.09080717488789247 0.10762331838565017
0 0.7729820627802689 0.7713004484304933 0.05493273542600903 0.09566517189835565
0 0.6883408071748879 0.7703039362232187 0.024663677130044734 0.07374190333831578
0 0.5997757847533634 0.7683109118086696 0.051569506726457416 0.08968609865470839
0 0.49719730941704043 0.7424015944195317 0.05269058295964122 0.10563029397110114
0 0.4047085201793722 0.7453911310413552 0.047085201793722005 0.07972097658196305
0 0.3077354260089686 0.7214748380667664 0.030269058295964123 0.07573492775286496
0 0.2163677130044843 0.7224713502740409 0.049327354260089676 0.05779770802192317
0 0.13172645739910313 0.7095166915794718 0.034753363228699534 0.06377678126557057
0 0.0257847533632287 0.6965620328849027 0.04708520179372197 0.11758844045839552
0 0.780829596412556 0.4544095665171898 0.05269058295964115 0.09167912306925764
0 0.6900224215246638 0.44643746885899355 0.0661434977578476 0.1116093672147484
0 0.5874439461883408 0.43746885899352267 0.06726457399103132 0.09765819631290483
0 0.4041479820627803 0.3956153462879921 0.04147982062780273 0.08570004982561037
0 0.3161434977578475 0.4115595416043847 0.04932735426008964 0.08171400099651216
0 0.20571748878923768 0.4225211758844046 0.06838565022421526 0.10762331838565017
0 0.12780269058295965 0.4035874439461884 0.04035874439461883 0.061783756851021464
0 0.0257847533632287 0.3687095166915795 0.04708520179372197 0.08769307424015949
0 0.03867713004484305 0.9683607374190334 0.05493273542600896 0.06327852516193318
0 0.026905829596412557 0.0866965620328849 0.04035874439461883 0.10961634280019932
0 0.13004484304932734 0.10463378176382662 0.06726457399103138 0.12556053811659193
0 0.2208520179372197 0.09765819631290483 0.05605381165919279 0.09566517189835574
0 0.3032511210762332 0.10563029397110114 0.054932735426008995 0.11958146487294469
0 0.39798206278026904 0.12356751370204284 0.07847533632286996 0.11160936721474837
0 0.49271300448430494 0.09765819631290483 0.05493273542600896 0.07972097658196313
0 0.5829596412556053 0.10762331838565022 0.06950672645739907 0.11559541604384654
0 0.7830717488789237 0.1654210264075735 0.06390134529147985 0.11160936721474835
0 0.672085201793722 0.14050822122571 0.05493273542600889 0.09367214748380666
