0 0.12387892376681538 0.35100095848828533 0.052690582959640915 0.07007867078354482
0 0.13122644733394684 0.7713811524990742 0.048312202116919195 0.1073005021113231
0 0.3525557773170317 0.804118097880068 0.06870342249425514 0.12914306660278124
0 0.3162796858735761 0.40327807834995655 0.07061267067772393 0.1094280333068423
0 0.5393855321072103 0.41462978229478664 0.05053100292319032 0.11352168756071461
0 0.5191112580091277 0.8273875962779007 0.11316817150013204 0.18656415563798828
0 0.7038123504293834 0.8474731042355599 0.07136235895505447 0.13225365932747812
0 0.7337443946188327 0.4249922803854449 0.05050895854470932 0.08275086523807723
0 0.8711216292224296 0.4250595337759271 0.11628928799393896 0.17828153035546268
0 0.8533432956265058 0.8166753805567244 0.10730554611560628 0.17275978016711055
0 0.6974077751239389 0.05956207090882419 0.10638118604959436 0.11912414181764838
0 0.8513363430002643 0.04817615925470031 0.06362896906002097 0.09635231850940063
0 0.5332230690075117 0.05519209673991291 0.08183856502242126 0.11038419347982582
0 0.3338303856358067 0.04621003619634495 0.07383971126154328 0.0924200723926899
0 0.13906641495980446 0.02188291652574899 0.04719112588373555 0.04376583305149798
