0 0.06895101390999255 0.22596840809233765 0.07820549049401467 0.14892847485591046
0 0.16471790880677953 0.2410502634717878 0.06692408182930003 0.12004403321158313
0 0.26548467244808455 0.26048087890729554 0.08458180459301522 0.1364164817079613
0 0.3825568413445501 0.28745808403370465 0.07933621786557 0.14342912753022738
0 0.490771195444046 0.30816213500681405 0.07481330837934999 0.12504649703997428
0 0.6101353166808727 0.3404787788195851 0.07397172911339202 0.1397457384004468
0 0.745650617981692 0.3378975925857289 0.07874518215172531 0.13946023628045653
0 0.8563014984743458 0.3639753974038515 0.06906663454767782 0.11495578148655955
0 0.9674534660712287 0.3982850656311701 0.0650930678575423 0.1243897049033612
0 0.864735242251294 0.04359809537143411 0.07027765939048086 0.08719619074286822
0 0.9707219205919745 0.04780684958018835 0.05855615881604463 0.0956136991603767
0 0.05463239199990116 0.599740440139951 0.0723495657759824 0.1272337452524982
0 0.05743990815204632 0.9246912665176008 0.08332908683245009 0.1506174669647985
0 0.15726066721021909 0.6081836849264483 0.07613358410851268 0.12853017194639668
0 0.1509549994440945 0.9304218980126038 0.08712584466763044 0.13915620397479256
0 0.2623575105930895 0.6306865365161323 0.08026774574114576 0.14897994759388944
0 0.2554254839466822 0.9403955988750119 0.08331943569407885 0.11920880224997603
0 0.37534049216173104 0.6293074102898798 0.07961571483279602 0.13308722501547585
0 0.47902884841072807 0.6483897268650634 0.07735426008968652 0.1266970561711693
0 0.5934235985002898 0.7024069338582187 0.07075635585368444 0.13444061487273776
0 0.715325390060408 0.6928158470147843 0.07288925743369336 0.14568500606005733
0 0.8469779197395891 0.7447772328530572 0.0482159291652772 0.09080545912995965
0 0.3776982652657845 0.956713829420719 0.07826648568852014 0.0865723411585621
0 0.48188770861900687 0.969739863645284 0.07500285673695804 0.060520272709428176
0 0.5821935338917095 0.9807673113584865 0.0231314624022536 0.03627303826256531
0 0.7481931138741674 0.01807997079093695 0.05916649680663173 0.0361599415818739
0 0.5955468489419262 0.01601557084639025 0.02069011043990661 0.0320311416927805
0 0.9642354044562927 0.7399650133709621 0.04175104895829571 0.057924559184329406
