0 0.05195653624826153 0.4538560208149487 0.10391307249652305 0.20218139887952866
0 0.19589915981586054 0.4937954014301836 0.12298009766097616 0.2349233859332114
0 0.37126974794475415 0.5143742518967546 0.1154395688860351 0.21230430560078317
0 0.5227685418532512 0.5415568543442922 0.107632047585978 0.18514563073701837
0 0.66963862306604 0.5768305426526283 0.1222060386173684 0.20624634003288164
0 0.8479941395730076 0.6422045872790205 0.12062663739824485 0.20036167769184865
0 0.05847165502042955 0.9237194482631336 0.11694331004085909 0.1525611034737327
0 0.20618236067541879 0.9450178756568033 0.11532389648951007 0.10996424868639222
0 0.36827354260089606 0.9622077112322889 0.08632286995515677 0.07558457753542167
0 0.5271750044216088 0.9677399383263036 0.0559694223945693 0.06452012334737865
0 0.8617762476947607 0.09666168410563024 0.10844611896181547 0.19332336821126048
0 0.6835051204524086 0.09642047777204821 0.1008968609865464 0.18240118009336792
0 0.5193609362213054 0.06027314510363571 0.1131217563553721 0.12054629020727142
0 0.3665119035866613 0.044672976028847226 0.10461583607600083 0.08934595205769445
0 0.19808784068413082 0.04807767192734979 0.07276301196075365 0.09615534385469958
0 0.02874094637486071 0.03182113724230032 0.05748189274972142 0.06364227448460064
0 0.6863140029624202 0.9834666924638303 0.03016211509976775 0.033066615072337324
