0 0.07286995515695067 0.27204783258594917 0.06053811659192826 0.09367214748380669
0 0.18665919282511212 0.27105132037867463 0.07511210762331842 0.11559541604384659
0 0.3133408071748879 0.26606875934230195 0.09529147982062781 0.12556053811659196
0 0.4097533632286996 0.2949676133532636 0.04372197309417047 0.0837070254110613
0 0.5140134529147982 0.317887394120578 0.0773542600896861 0.09765819631290487
0 0.5902466367713005 0.32087693074240164 0.04372197309417039 0.07972097658196312
0 0.6782511210762331 0.33482810164424515 0.06502242152466366 0.09965122072745387
0 0.7746636771300449 0.3517688091679123 0.05381165919282523 0.07772795216741404
0 0.8452914798206277 0.343796711509716 0.047085201793722005 0.045839561534628856
0 0.9478699551569507 0.369706028898854 0.04596412556053821 0.07374190333831585
0 0.40526905829596416 0.02092675635276532 0.05044843049327362 0.04185351270553064
0 0.5128923766816144 0.04484304932735426 0.06390134529147985 0.08968609865470852
0 0.5812780269058295 0.033881415047334336 0.04372197309417039 0.04384653712007973
0 0.6709641255605381 0.04783258594917788 0.06390134529147985 0.07573492775286497
0 0.7578475336322871 0.05381165919282511 0.05156950672645749 0.06776283009466866
0 0.8430493273542601 0.07972097658196313 0.04035874439461892 0.07174887892376682
0 0.9489910313901345 0.09367214748380669 0.04596412556053806 0.09566517189835576
0 0.060538116591928245 0.5670154459392127 0.04484304932735426 0.0857000498256103
0 0.11434977578475337 0.5700049825610364 0.03811659192825113 0.07573492775286496
0 0.17544843049327355 0.5530642750373692 0.0639013452914798 0.12157448928749374
0 0.2976457399103139 0.5640259093173892 0.054932735426008926 0.09566517189835572
0 0.4091928251121076 0.5859491778774291 0.058295964125560575 0.09965122072745387
0 0.4949551569506727 0.6048829098156453 0.05269058295964122 0.057797708021923314
0 0.5896860986547086 0.611858495266567 0.058295964125560644 0.07972097658196305
0 0.6832959641255605 0.6397608370702541 0.05941704035874423 0.07174887892376682
0 0.7690582959641256 0.6387643248629796 0.05156950672645749 0.08570004982561023
0 0.8503363228699551 0.6407573492775288 0.06614349775784746 0.09765819631290483
0 0.9484304932735427 0.6596910812157449 0.05381165919282523 0.07174887892376682
0 0.07791479820627803 0.8181365221723965 0.04820627802690583 0.07374190333831578
0 0.1726457399103139 0.8370702541106128 0.06278026905829598 0.09965122072745401
0 0.28643497757847536 0.8340807174887891 0.05493273542600896 0.09765819631290483
0 0.42600896860986553 0.8709516691579472 0.06950672645739907 0.08370702541106112
0 0.5061659192825112 0.9008470353761834 0.05269058295964129 0.07972097658196305
0 0.5902466367713004 0.9098156452416543 0.05493273542600896 0.09367214748380662
0 0.6732062780269058 0.9048330842052814 0.036995515695067385 0.06776283009466866
0 0.7735426008968609 0.9367214748380667 0.06278026905829591 0.08370702541106127
0 0.8492152466367713 0.9108121574489287 0.03475336322869964 0.07573492775286496
0 0.946188340807175 0.9506726457399103 0.049327354260089745 0.05979073243647235
0 0.014573991031390137 0.5510712506228201 0.026905829596412557 0.10961634280019929
0 0.01289237668161435 0.8552067732418955 0.0257847533632287 0.05939213363579029
0 0.1922645739910314 0.005979073243647235 0.03699551569506724 0.01195814648729447
0 0.05885650224215246 0.021923268560039864 0.012331838565022419 0.03188839063278525
