0 0.9450672645739912 0.03786746387643248 0.05381165919282509 0.07573492775286496
0 0.8520179372197311 0.045839561534628794 0.047085201793722005 0.07972097658196313
0 0.7600896860986546 0.03587443946188341 0.03811659192825104 0.07174887892376682
0 0.663677130044843 0.017937219730941704 0.049327354260089745 0.03587443946188341
0 0.5745515695067265 0.016940707523667164 0.05044843049327348 0.03388141504733433
0 0.9394618834080717 0.3178873941205779 0.060538116591928176 0.08171400099651219
0 0.8542600896860987 0.30792227204783257 0.07174887892376675 0.09367214748380662
0 0.07230941704035874 0.19232685600398602 0.04820627802690583 0.06975585450921773
0 0.1967488789237668 0.20528151469855505 0.057174887892376666 0.07573492775286496
0 0.31053811659192826 0.229197807673144 0.08295964125560541 0.06377678126557054
0 0.422085201793722 0.24314897857498752 0.06165919282511204 0.09167912306925757
0 0.4949551569506727 0.255107125062282 0.07062780269058301 0.11160936721474837
0 0.5829596412556054 0.2700548081714001 0.047085201793722005 0.08171400099651219
0 0.6877802690582959 0.28101644245142005 0.06390134529147985 0.09965122072745392
0 0.07399103139013453 0.47334329845540607 0.03811659192825112 0.08968609865470846
0 0.06390134529147982 0.763328350772297 0.04708520179372197 0.07972097658196305
0 0.20515695067264572 0.8081714000996513 0.06950672645739914 0.0857000498256103
0 0.3082959641255605 0.8051818634778276 0.03363228699551566 0.06377678126557043
0 0.413677130044843 0.5201793721973095 0.05605381165919276 0.07573492775286496
0 0.3991031390134529 0.815146985550573 0.049327354260089676 0.09167912306925771
0 0.4994394618834081 0.534130543099153 0.06165919282511211 0.07573492775286496
0 0.4966367713004485 0.804185351270553 0.047085201793721936 0.09367214748380662
0 0.5795964125560539 0.536123567513702 0.049327354260089745 0.07972097658196312
0 0.586322869955157 0.8450423517688092 0.049327354260089745 0.07573492775286496
0 0.67152466367713 0.5440956651718983 0.0336322869955157 0.03587443946188344
0 0.7628923766816144 0.5809666168410562 0.05044843049327355 0.10164424514200299
0 0.8458520179372198 0.5809666168410562 0.04372197309417047 0.077727952167414
0 0.9590807174887892 0.6108619830592924 0.05717488789237677 0.08171400099651209
0 0.6849775784753362 0.8639760837070253 0.05605381165919269 0.08171400099651223
0 0.7690582959641256 0.8679621325361236 0.03587443946188358 0.0697558545092177
0 0.8486547085201793 0.8769307424015945 0.049327354260089745 0.09965122072745401
0 0.9551569506726457 0.892874937717987 0.0672645739910314 0.08370702541106127
0 0.4820627802690583 0.021923268560039857 0.044843049327354265 0.043846537120079715
0 0.991031390134529 0.3260587911791153 0.01793721973094179 0.06218235565170339
0 0.012331838565022422 0.7734927722453833 0.024663677130044845 0.09526657309767372
