0 0.008968609865470852 0.03487792725460887 0.017937219730941704 0.06975585450921774
0 0.15975336322869957 0.059790732436472344 0.1266816143497758 0.11958146487294469
0 0.359304932735426 0.05082212257100149 0.10426008968609868 0.10164424514200299
0 0.524103139013453 0.059790732436472344 0.1154708520179372 0.11958146487294469
0 0.6956278026905829 0.05879422022919781 0.09304932735426007 0.11360239162929746
0 0.8850896860986546 0.08769307424015943 0.09529147982062781 0.1554559043348281
0 0.881726457399103 0.445440956651719 0.1020179372197309 0.1534628799202791
0 0.694506726457399 0.4294967613353263 0.08856502242152473 0.16143497757847527
0 0.5140134529147982 0.4304932735426009 0.12443946188340803 0.18335824613851529
0 0.3273542600896861 0.4075734927752865 0.11210762331838567 0.18535127055306425
0 0.15414798206278024 0.38266068759342303 0.11771300448430493 0.20328849028400597
0 0.0257847533632287 0.38086696257921493 0.0515695067264574 0.17578474728100094
0 0.03699551569506727 0.7862481315396113 0.06950672645739911 0.16940707523667173
0 0.1468609865470852 0.8101644245142003 0.10313901345291479 0.1574489287493772
0 0.3172645739910314 0.8141504733432984 0.1143497757847534 0.18933731938216256
0 0.5084080717488789 0.8380667663178875 0.11322869955156946 0.1733931240657698
0 0.7006726457399103 0.8609865470852017 0.1143497757847534 0.21126058794220243
0 0.8637892376681614 0.8390632785251619 0.12443946188340803 0.2112605879422023
0 0.9803811659192826 0.9120079690565442 0.03923766816143498 0.07414050213899799
