0 0.07130679268715116 0.061190031902537995 0.05900715107384286 0.12238006380507599
0 0.20639647878580797 0.06431284437240502 0.06517378385899583 0.1094642691546536
0 0.3171992287507493 0.1117622864930558 0.05363867366787398 0.08186692027481932
0 0.4209098297497785 0.13280436652912178 0.05197844467450277 0.09834844714718631
0 0.5084294571052898 0.11295015920640467 0.06588544647570525 0.10885090077590595
0 0.5991609508260138 0.1431338346328913 0.0539630215271559 0.09785040245173918
0 0.6936333655794802 0.15810073835589278 0.06465625428942827 0.13606383737807207
0 0.7819506726457418 0.1492466065409622 0.05001691801775344 0.09827156469165281
0 0.8663543109885358 0.17906551312004473 0.05812345426903964 0.10202781178691062
0 0.9610422441455446 0.17351554101057917 0.0617456855875875 0.08111566477353978
0 0.07126378414012724 0.9537577569106768 0.06323340472443571 0.09248448617864699
0 0.20237540761187797 0.9671917682072873 0.04449755394588124 0.0626269269636098
0 0.3284753363228712 0.9791113677627166 0.05092271368160441 0.041777264474567276
0 0.417902670192795 0.9878501758943483 0.034321850753178534 0.024299648211303745
0 0.010962809142363906 0.961269933988907 0.02192561828472781 0.04986405159149387
0 0.010617789429318469 0.6512973985012549 0.021235578858636937 0.06691965998208112
0 0.07401241674654029 0.7105708656283977 0.05588130180267072 0.10229605474851794
0 0.20701107487894624 0.6900464737180421 0.07666517200045082 0.13805686179262183
0 0.3226328135627871 0.6940897615724095 0.055666021233337866 0.08267249479240067
0 0.4208238126557328 0.7218391840977949 0.06288838501139225 0.10497932999734641
0 0.5068559587086052 0.7255762105791687 0.0536823957175397 0.07811151881231904
0 0.610501214467349 0.7582308888690076 0.058274816603368695 0.12172909983132002
0 0.7042191958912961 0.7577516419710639 0.07483243315055631 0.13226914905504494
0 0.7865750526490772 0.7656472799901037 0.088414611424047 0.13725213290779997
0 0.8745252411432535 0.7873787652276889 0.07071429545305942 0.12935607207237876
0 0.96484755908171 0.7654935150790431 0.07030488183658029 0.12559982497711103
0 0.948527559797127 0.4793415923129393 0.049306206737898955 0.08834572947943502
0 0.8786222313185594 0.4682842777798826 0.06204745891939485 0.1047879694912739
0 0.7737578814661981 0.4634358382243131 0.05937426964593598 0.10352279150601199
0 0.6976220019674783 0.44649513070064606 0.03261885104699804 0.05752946506031643
0 0.5800274493631472 0.43093407921278 0.0184975200133195 0.047564342987570625
0 0.5094210320289707 0.442316875732718 0.06329779862786501 0.1300454772738971
0 0.42408997483171107 0.4237671332557858 0.05182850934545588 0.09064459245059574
0 0.31964680152799535 0.40517810391832954 0.038698515401247725 0.07814996004008769
0 0.21544029415001528 0.4059443915753826 0.07696646966383207 0.11555697481608103
0 0.05881325586091559 0.37948021328190706 0.06597146356975336 0.12402880843524329
0 0.013323651322921232 0.348709906168444 0.026647302645842464 0.09350419604972682
0 0.6038392600273622 0.9902262384333282 0.013582653941918911 0.019547523133343746
0 0.5060118119933033 0.9876390662539153 0.028135497451118457 0.024721867492169435
