0 0.044056521220818656 0.05402042693191686 0.08811304244163731 0.10804085386383372
0 0.20750766127571812 0.04439396285704805 0.05854857526510776 0.0887879257140961
0 0.40193245074601686 0.030297126200358272 0.09049717437255728 0.060594252400716545
0 0.605660398208435 0.05336257272251883 0.10781854014940935 0.10672514544503767
0 0.8045893135828283 0.056931086073433536 0.0985085819790486 0.11386217214686707
0 0.9638729493985693 0.07471317171077829 0.07225410120286144 0.14145424576336027
0 0.969722067987501 0.5198980341352221 0.06055586402499704 0.13830326789062952
0 0.7917297496264253 0.47530463599700246 0.08435908569823082 0.12458289763338111
0 0.6208226999246098 0.48523166362236236 0.09374904957557328 0.16543384155645466
0 0.42728004172963585 0.47948115706304356 0.08747238539915965 0.15553209322960296
0 0.22170534130574573 0.47327351713506743 0.11537072246882119 0.22654471350337135
0 0.04118703537586723 0.4625340419649374 0.08013191828536675 0.1476361844661839
0 0.037099052067723105 0.930672620274081 0.07419810413544621 0.13317732159866966
0 0.2130651644242752 0.8924687139455905 0.09727649476712444 0.1629459403251149
0 0.3997636092420758 0.8940807938862585 0.07622597533525556 0.13428170957366597
0 0.6009218933738247 0.923766816143493 0.04529284255004201 0.0817140009965114
0 0.7860208320878469 0.9175972706629021 0.07866799202568928 0.12858176161136234
0 0.9684528575000972 0.9620938329775386 0.06309428499980531 0.07361999502444486
