0 0.023542600896860985 0.22142500941528864 0.04708520179372197 0.09925262192677192
0 0.016816143497757848 0.5042351768809168 0.024663677130044845 0.08370702541106127
0 0.014573991031390137 0.7852516193323368 0.026905829596412557 0.06377678126557043
0 0.08744394618834081 0.787244643746886 0.06278026905829595 0.08769307424015949
0 0.09417040358744394 0.5201793721973094 0.07847533632286996 0.08769307424015949
0 0.08856502242152466 0.2212257100149477 0.049327354260089676 0.07972097658196314
0 0.16984304932735428 0.20229197807673147 0.057174887892376666 0.06975585450921773
0 0.26681614349775784 0.22022919780767314 0.056053811659192834 0.06576980568011961
0 0.1771300448430493 0.5221723966118584 0.06278026905829596 0.11160936721474833
0 0.1788116591928251 0.8011958146487295 0.030269058295964123 0.05979073243647235
0 0.26625560538116594 0.5311410064773293 0.06165919282511211 0.09367214748380662
0 0.2595291479820628 0.8051818634778277 0.045964125560538104 0.05181863477827605
0 0.4428251121076233 0.25112107623318386 0.044843049327354265 0.08370702541106127
0 0.5263452914798207 0.2620827105132038 0.05493273542600903 0.06576980568011961
0 0.625 0.268061783756851 0.04147982062780265 0.06576980568011959
0 0.70347533632287 0.28101644245142005 0.028026905829596275 0.055804683607374166
0 0.7785874439461884 0.2999501743896363 0.04596412556053821 0.09765819631290483
0 0.9164798206278028 0.332835077229696 0.030269058295964015 0.0478325859491779
0 0.3536995515695067 0.5401096163428002 0.04147982062780273 0.07972097658196312
0 0.3458520179372197 0.8141504733432984 0.04147982062780273 0.08171400099651209
0 0.4428251121076234 0.5321375186846039 0.03811659192825111 0.08769307424015942
0 0.43497757847533636 0.8290981564524165 0.04035874439461885 0.059790732436472496
0 0.5448430493273543 0.5530642750373693 0.03811659192825111 0.073741903338316
0 0.5263452914798207 0.8480318883906327 0.03699551569506731 0.08171400099651223
0 0.6266816143497758 0.5640259093173892 0.03811659192825118 0.0637767812655705
0 0.6238789237668162 0.8450423517688092 0.041479820627802796 0.05181863477827605
0 0.7085201793721972 0.5849526656701545 0.040358744394618784 0.07374190333831593
0 0.7836322869955157 0.5889387144992526 0.040358744394618784 0.0817140009965123
0 0.702354260089686 0.8709516691579472 0.041479820627802866 0.07972097658196305
0 0.7752242152466369 0.8749377179870453 0.0369955156950671 0.06377678126557057
0 0.8929372197309416 0.8928749377179871 0.03923766816143498 0.047832585949177824
0 0.899103139013453 0.6198305929247633 0.0336322869955157 0.04384653712007967
0 0.4461883408071749 0.01295465869456901 0.044843049327354265 0.02590931738913802
0 0.5274663677130045 0.026905829596412557 0.04147982062780265 0.053811659192825115
0 0.6244394618834082 0.019930244145490782 0.044843049327354334 0.039860488290981565
0 0.6973094170403588 0.03288490284005979 0.047085201793722005 0.06576980568011959
0 0.7909192825112109 0.05381165919282511 0.0683856502242152 0.08370702541106129
0 0.9198430493273543 0.04285002491280518 0.04372197309417047 0.05779770802192327
