0 0.9521709386378613 0.1793149582841486 0.07181422416405085 0.09670054814977752
0 0.8635734814304056 0.15562804422701934 0.058080207887799024 0.10129911972486313
0 0.7684975200133296 0.1434597394361486 0.06717903256540893 0.10187489250860321
0 0.950295191240939 0.47665873988049356 0.06021472006950381 0.10206625301467699
0 0.867734627674931 0.46884040713336356 0.06967971198235032 0.10206625301467694
0 0.7740709420617374 0.46586966830904347 0.052711730481831864 0.09558828944282277
0 0.6800295641153667 0.10451845808052682 0.04965122645094491 0.08593069719221019
0 0.5991717624213306 0.09685346742808482 0.06683401285236892 0.09880889624762697
0 0.40020235422180483 0.07790051487598465 0.05816670065027572 0.09654678323871055
0 0.3081232164348261 0.06774360948078544 0.060193572547312085 0.08849864875774033
0 0.19886153008063712 0.054443825369076465 0.053163914811117145 0.10689547195636401
0 0.07285890572742801 0.04338693365239926 0.05495435861662812 0.08677386730479852
0 0.07602823921405187 0.33174246195300633 0.04391610614131243 0.07608005317000516
0 0.07586654095283883 0.6656509338455149 0.05359637862349308 0.09976654441075543
0 0.07429280472194329 0.9418187253331709 0.07614764243088315 0.11636254933365883
0 0.18686389963335082 0.6626421766098067 0.06262890672396489 0.09091283541220334
0 0.19336402703359767 0.9649875284482079 0.06644622242651109 0.07002494310358476
0 0.31870928458085623 0.38513338172229955 0.06877391631849836 0.11517425380393302
0 0.19235059108508096 0.34410297288271124 0.049888130210896484 0.06676674070377417
0 0.40451438713223226 0.3924148057298346 0.06066785573564168 0.08520200513016297
0 0.49410341926337237 0.40073202880516834 0.03977634525319425 0.07263049026412156
0 0.5966494598137636 0.4181131191826347 0.059891323547075805 0.09796488050227908
0 0.6794798375940891 0.43300356326648254 0.07256865749357154 0.1072790386012699
0 0.3190860255771892 0.6761909830692352 0.059222907311603186 0.09624009904933695
0 0.404816160464039 0.6973099455608373 0.06213347601344276 0.11923633945580443
0 0.5067476049212979 0.7102445380087594 0.061400190206113814 0.1035603871010192
0 0.5895135887981869 0.7201908622840044 0.04419625628250033 0.09646990078317605
0 0.6826597448418048 0.7434937868798488 0.05926615369284106 0.10114620044655513
0 0.7654576878361978 0.7425929549256101 0.060279589641359876 0.0925222931818433
0 0.8641878396893342 0.7794451087972663 0.05598941775576447 0.09501420792460119
0 0.9527422883497654 0.777969349692046 0.0721371450180506 0.12977723431228905
0 0.7729714890191778 0.9830400718624525 0.020803590714690866 0.0339198562750954
0 0.6771086594866453 0.982158460522096 0.06342753777157552 0.03568307895580827
0 0.6031068165012022 0.9850332019810945 0.04714959569715329 0.029933596037811344
0 0.4960329868026203 0.978153191079117 0.030786112197105607 0.043693617841765994
0 0.40518280336770374 0.9702960999919332 0.04868056121523694 0.059407800016133834
0 0.010650224215246655 0.3273156074537295 0.02130044843049331 0.054041460926665084
0 0.48929893843151157 0.09831254281769969 0.020697377435305243 0.032195920454919466
0 0.009378499150372657 0.652312344625432 0.01875699830074531 0.022307175212589524
0 0.8646585553644514 0.9919510198862704 0.01261246437463797 0.01609796022745936
