0 0.9473094170403588 0.32087693074240164 0.060538116591928315 0.1195814648729447
0 0.8604260089686099 0.3059292476332835 0.05493273542600889 0.08968609865470846
0 0.9394618834080717 0.611858495266567 0.058295964125560575 0.0956651718983558
0 0.8553811659192826 0.6138515196811162 0.07399103139013448 0.11559541604384642
0 0.9562780269058296 0.916791230692576 0.060538116591928176 0.09167912306925757
0 0.8598654708520179 0.8868958644743398 0.05829596412556043 0.08769307424015949
0 0.7690582959641256 0.8898854010961634 0.05381165919282509 0.09367214748380676
0 0.6698430493273543 0.5769805680119582 0.07511210762331835 0.13751868460388642
0 0.5818385650224215 0.5729945191828599 0.03811659192825111 0.09765819631290476
0 0.5056053811659192 0.5739910313901345 0.05156950672645735 0.09566517189835572
0 0.4069506726457399 0.5401096163428002 0.049327354260089745 0.08370702541106119
0 0.2920403587443946 0.2371699053313403 0.04596412556053814 0.09965122072745394
0 0.4075112107623318 0.2650722471350274 0.04147982062780273 0.07174887892376682
0 0.5089686098654709 0.2730443447932237 0.044843049327354195 0.07174887892376682
0 0.5880044843049328 0.28898854010961633 0.04147982062780273 0.08769307424015949
0 0.6743273542600897 0.317887394120578 0.05493273542600889 0.06975585450921773
0 0.7612107623318386 0.31988041853512705 0.042600896860986524 0.07374190333831589
0 0.07959641255605382 0.22720478325859492 0.04932735426008969 0.09167912306925757
0 0.07791479820627803 0.4982561036372696 0.06390134529147982 0.12356751370204293
0 0.1788116591928251 0.5142002989536621 0.05717488789237669 0.10762331838565026
0 0.3155829596412556 0.5032386646736423 0.03475336322869957 0.06576980568011961
0 0.32062780269058294 0.8300946686596911 0.044843049327354265 0.06178375685102153
0 0.2023542600896861 0.8251121076233184 0.06838565022421524 0.09167912306925757
0 0.08968609865470853 0.7792725460886897 0.05605381165919284 0.07174887892376675
0 0.4209641255605381 0.8271051320378675 0.04596412556053814 0.07972097658196318
0 0.4966367713004485 0.8450423517688092 0.04260089686098666 0.07573492775286496
0 0.5818385650224215 0.8649725959143001 0.044843049327354334 0.07174887892376675
0 0.6692825112107623 0.8849028400597906 0.060538116591928315 0.07573492775286496
0 0.01569506726457399 0.7864474309399523 0.03139013452914798 0.0892874998540266
0 0.010650224215246638 0.510413549524905 0.016816143497757848 0.04344793831939775
0 0.014013452914798209 0.21345291175709236 0.028026905829596417 0.07533632895218301
0 0.413677130044843 0.005979073243647235 0.060538116591928245 0.01195814648729447
0 0.4910313901345291 0.019930244145490782 0.06278026905829591 0.03188839063278525
0 0.5891255605381166 0.01295465869456901 0.030269058295964157 0.02590931738913802
0 0.672645739910314 0.029895366218236172 0.06726457399103154 0.059790732436472344
0 0.7584080717488788 0.05181863477827604 0.05941704035874452 0.10363726955655209
0 0.8581838565022422 0.04484304932735426 0.06390134529147985 0.08968609865470852
0 0.9383408071748879 0.04484304932735426 0.060538116591928315 0.06178375685102142
