0 0.03419282511210761 0.044079350053966876 0.06614349775784754 0.08815870010793375
0 0.15932378238741818 0.03812203030089474 0.07117610446872615 0.07624406060178948
0 0.48963616301226925 0.10110356130095408 0.07966740228832789 0.1466156569253267
0 0.6794199285139971 0.13256767455963478 0.07890370301494141 0.16022740592788667
0 0.876485178436797 0.09898433291791373 0.12113620072688218 0.19796866583582745
0 0.8204246415337824 0.4638024537567594 0.11361054918826043 0.15443763863697585
0 0.6489544343050649 0.45366762073436717 0.08506840814824339 0.12619587493400453
0 0.45795964125560185 0.49893494743583283 0.11611461620525276 0.2060038654782725
0 0.1651678195762704 0.5190664535230813 0.08641590406591435 0.18774681885113792
0 0.028921562378294952 0.49687685849561286 0.057843124756589905 0.14723532382249785
0 0.04149205696625108 0.8956305821621791 0.08298411393250213 0.18062327594115193
0 0.14426024297171097 0.8918621103927693 0.11189222582313989 0.21627577921444213
0 0.45450095014687675 0.9279813187775661 0.11675838039256953 0.14403736244483575
0 0.6690683278647213 0.909767779131589 0.11983522186459686 0.18046444173679635
0 0.8230731163137402 0.9181804692818177 0.08300615831098465 0.16268605621020898
0 0.972664589562281 0.9220914601376435 0.05242866840901331 0.06585250266746806
