0 0.03680626681578794 0.30125379360266435 0.07361253363157588 0.11973921983355935
0 0.20904146549609914 0.31109587333215466 0.10002571375198648 0.1377978098852275
0 0.39576494270117896 0.34287638819721566 0.0900645964132673 0.15708079942437733
0 0.5722629565264221 0.317297105685688 0.10042544220011956 0.19138090239372463
0 0.7634885625302652 0.3300612921433172 0.11957665919211485 0.19375487128215368
0 0.9413756028904372 0.330994430604699 0.08403065271423048 0.16726167303256934
0 0.9245772832587097 0.8207579294692181 0.09512005480737934 0.20859467862354691
0 0.7648024919033521 0.8254802369483144 0.07517619456620454 0.13699817748933382
0 0.5620519101890787 0.7995709195591743 0.10616660064722035 0.18749667275716508
0 0.37159031078651295 0.7991711033612274 0.06730743024434312 0.09057473509425927
0 0.210109070131185 0.7780221878985708 0.06442964249954618 0.1824824248478446
0 0.033582222220957934 0.7879111210765412 0.06509371698879465 0.13863588772776572
