0 0.902956773160613 0.24184620499471887 0.06464534756043167 0.10501777122511369
0 0.12962457027070087 0.08422471353677193 0.04393744393087393 0.10206709864743703
0 0.14097507470523474 0.21809252616865457 0.045727316934272254 0.0732630792567517
0 0.3202395365962999 0.1982869623235775 0.057584491776221804 0.08819179544181437
0 0.406454671133105 0.19708897192363206 0.04559719725581726 0.06004009303729973
0 0.5032819039005156 0.17724454403440823 0.03851500368204588 0.060710446751489504
0 0.6010584641140748 0.21303316724002458 0.06513015694301541 0.12293509383596389
0 0.6804719357530381 0.22448357416165432 0.0604954410128049 0.12103783423772782
0 0.7150580997891837 0.2396038199793426 0.029094114353603717 0.10014994192910912
0 0.784516031367163 0.24089757519560084 0.08196868470087548 0.12109566520592993
0 0.9838790638917739 0.25285354289056533 0.03224187221645201 0.04390001050362126
0 0.886000364324889 0.5075598903598368 0.05440420399376047 0.10932904835126141
0 0.7720225896746126 0.5092466534013922 0.06592802692114373 0.09606812828369762
0 0.1727158725792965 0.5076556551761471 0.06052797093241735 0.1086785917571627
0 0.3148984211465048 0.4990421192878628 0.0743040919856792 0.12513954500323018
0 0.4136339312304464 0.49429897029227243 0.03811554545770998 0.08775090520836178
0 0.5039237668161431 0.5096297126666414 0.06165919282511199 0.08740577979122072
0 0.6026755418598928 0.49976035541020813 0.066941367735976 0.11408307610293333
0 0.6843306427299537 0.4865563361148112 0.05700209263479767 0.09610606213180851
0 0.19330992149020665 0.7940476664892363 0.041889424511648204 0.05687799370690577
0 0.26219157322705655 0.7761583291664518 0.07159846792629017 0.11657296132706467
0 0.3265563901115575 0.7773752864904533 0.07263314653068428 0.13008324199545596
0 0.40485945441211824 0.7838241654516555 0.0582319507568739 0.09970905169565598
0 0.49890585762140377 0.7832007639495845 0.06261866593076794 0.1154038864112212
0 0.5985952447459778 0.8024127719727295 0.06841818014382962 0.10676143503883533
0 0.6811615470775443 0.8085354924408454 0.046567862491524205 0.09666261430166662
0 0.7848234958976805 0.8273355257146399 0.06910831470360451 0.11245321383354541
0 0.9884065676389036 0.8608696365525031 0.023186864722191426 0.0929016713686437
0 0.9914409940183729 0.5605364028976169 0.017118011963251082 0.07553904053557968
