0 0.06838565022421525 0.09765819631290483 0.056053811659192834 0.1195814648729447
0 0.15022421524663676 0.09965122072745392 0.05381165919282514 0.0837070254110613
0 0.25 0.12556053811659193 0.06950672645739907 0.0956651718983558
0 0.3452914798206278 0.12456402590931738 0.05381165919282513 0.07772795216741406
0 0.43609865470852016 0.13353263577478824 0.06502242152466373 0.09167912306925759
0 0.5235426008968609 0.15246636771300448 0.06950672645739907 0.08570004982561036
0 0.6165919282511212 0.15545590433482812 0.03587443946188351 0.07573492775286499
0 0.7012331838565022 0.17438963627304432 0.06614349775784746 0.07772795216741404
0 0.8228699551569507 0.20528151469855505 0.05381165919282523 0.10363726955655204
0 0.9265695067264574 0.23218734429496762 0.05941704035874437 0.06178375685102143
0 0.08800448430493273 0.4055804683607374 0.04596412556053812 0.08171400099651223
0 0.16928251121076232 0.4055804683607374 0.04035874439461885 0.077727952167414
0 0.2589686098654709 0.4245142002989536 0.056053811659192834 0.10363726955655203
0 0.3419282511210763 0.4205281514698555 0.05156950672645738 0.07174887892376682
0 0.4332959641255606 0.43248629795715005 0.05269058295964122 0.10363726955655203
0 0.5291479820627804 0.4484304932735427 0.04035874439461885 0.07174887892376682
0 0.6081838565022422 0.4504235176880917 0.03699551569506724 0.06776283009466866
0 0.7045964125560539 0.4673642252117588 0.05717488789237663 0.08171400099651223
0 0.8245515695067266 0.4723467862481316 0.04596412556053806 0.07174887892376682
0 0.9204035874439462 0.49526656701544597 0.044843049327354265 0.07772795216741407
0 0.09360986547085202 0.7194818136522173 0.043721973094170405 0.05580468360737413
0 0.26849775784753366 0.7174887892376682 0.05044843049327355 0.06776283009466866
0 0.3486547085201794 0.7045341305430992 0.04035874439461885 0.0697558545092177
0 0.44002242152466364 0.7354260089686099 0.05493273542600896 0.06377678126557043
0 0.5156950672645739 0.7424015944195316 0.040358744394618784 0.06576980568011961
0 0.6238789237668162 0.7384155455904334 0.04820627802690588 0.0857000498256103
0 0.6922645739910314 0.7304434479322373 0.04596412556053806 0.0697558545092177
0 0.026345291479820628 0.8639760837070254 0.041479820627802685 0.05381165919282523
0 0.020179372197309416 0.7324364723467863 0.020179372197309416 0.05381165919282509
0 0.013452914798206277 0.587942202291978 0.017937219730941704 0.031888390632785285
0 0.004484304932735427 0.42371698749202014 0.008968609865470854 0.057399109221241244
0 0.2505605381165919 0.9745889387144993 0.041479820627802685 0.04783258594917797
0 0.3413677130044843 0.984304932735426 0.0571748878923767 0.031390134529147955
0 0.42152466367713004 0.9833084205281515 0.03811659192825118 0.033383158943697
0 0.5140134529147982 0.9813153961136024 0.028026905829596417 0.03736920777279522
0 0.16031390134529147 0.7125062282012954 0.03139013452914799 0.0697558545092177
