0 0.015104545376464405 0.21044162164469302 0.03020909075292881 0.08127189521468052
0 0.16479820627802616 0.17388050342411834 0.12171999737117269 0.2262300245418939
0 0.3297096223982933 0.21880840822629102 0.1291257138237311 0.2327182306344639
0 0.5167206810885822 0.24673250352055603 0.1500332904282902 0.25828812612432217
0 0.7166241164604809 0.24980689561719893 0.13959724955907882 0.23551630281607244
0 0.8683145485616461 0.26358835556939797 0.13179866128058107 0.18963323430029
0 0.8495548761634925 0.6720419540850152 0.12037250145350384 0.1676468637560069
0 0.718592118037779 0.6998909914060067 0.11886957558362438 0.1906514999981422
0 0.5242940638317954 0.6560227007953493 0.13226252283879603 0.24102975019194303
0 0.35318123356287745 0.6257465641841615 0.11335965682687958 0.19951565938569849
0 0.15628243578152495 0.5897655157568827 0.09474317804248375 0.1589763272961509
0 0.013452914798206246 0.5521506557634918 0.02690582959641249 0.06508703679870642
0 0.0304477467758622 0.9746204897066174 0.051474044317283696 0.047769483964930144
0 0.16004526155083873 0.9710108521415565 0.05687505017720003 0.057978295716849815
0 0.5431614349775785 0.914798206278027 0.0033632286995516126 0.003986048829098223
0 0.873682487853845 0.9809128722300696 0.030661930121891275 0.03817425553984509
