0 0.9875332385205486 0.22575194350988562 0.024933522958899036 0.08268593442684939
0 0.896340597166117 0.18950580681114712 0.04520284376582729 0.0833700505530918
0 0.7954180641515012 0.18480016910510152 0.059927778601340735 0.11449321314792157
0 0.6528261621514769 0.13688762883626268 0.07549429270281245 0.14768352089999043
0 0.5796269101533065 0.12362173165271412 0.061999684986843405 0.10374570545789454
0 0.48394996386613753 0.10785460255496947 0.06273201336644059 0.12058072229291128
0 0.38263713881579714 0.09115375799028477 0.05421005818478319 0.08475775556900722
0 0.28782589964051436 0.0859227552052662 0.06074040445218583 0.09177040139127363
0 0.20282967516584477 0.0745242889555975 0.057727319052737196 0.06833383433464958
0 0.01539472383846619 0.29076743793417237 0.028547295210564663 0.08014922976194867
0 0.0521846702862295 0.1475551822066294 0.05222153763480694 0.09392333444514447
0 0.09645753035862079 0.33780048068674245 0.05164015305933354 0.09513397324241181
0 0.19830039592830015 0.3701342820788397 0.04906715956960553 0.1025007515019743
0 0.2912244515065035 0.37432313349557517 0.05400120755043311 0.1043681824358545
0 0.3660651691188276 0.4146376113355325 0.05786552335421047 0.087801510141502
0 0.47339451382969355 0.3992359386774379 0.06181978776760663 0.09867461131219683
0 0.5671939276581546 0.4209107654888331 0.05571331949746156 0.08810416984081887
0 0.6545880739725014 0.4823747050612113 0.058536856539303 0.10404836515721089
0 0.7792877305463929 0.4708077513825581 0.06287986880628597 0.13729014564725955
0 0.8939025265908139 0.48869075316282745 0.05646495015379813 0.07493538455625613
0 0.9790143717031676 0.5178751092937798 0.04197125659366156 0.10170120830536654
0 0.9770275883581003 0.8152983154002326 0.04594482328379943 0.0922329697299125
0 0.8903947238384629 0.7925384432722392 0.06242047461982219 0.09055976259400589
0 0.7705295154974094 0.772448290487425 0.06294086400078952 0.09732122145493523
0 0.6380619568339322 0.7473498402972522 0.07279098954279874 0.12442402006201375
0 0.5578960209514597 0.744768654063395 0.05393056121755644 0.1271994300938453
0 0.4725786065918019 0.7324536299261116 0.05556237569333779 0.10744625216700111
0 0.37686633713819623 0.7101391685574318 0.054502294654658945 0.09381489854380214
0 0.2906590878207265 0.7035118819668342 0.056975688396398085 0.10419111621720695
0 0.2781120288700294 0.9833084205281513 0.05328161867348566 0.03338315894369691
0 0.19114349775784742 0.972506694887453 0.04372197309417038 0.054986610225093956
0 0.19374544466268864 0.6746730794835148 0.0495875489505738 0.09769251147155873
0 0.08633734666271346 0.645365875084588 0.07189982272789044 0.12428126900201968
0 0.024133636610705507 0.6311919988030885 0.048267273221411014 0.11063275779949373
0 0.30281508264462803 0.9854606672788492 0.003873966942148748 0.0015304560759103936
