0 0.9742152466367713 0.7077229665652638 0.05156950672645749 0.11599401484452855
0 0.06838565022421525 0.03786746387643248 0.044843049327354265 0.07573492775286496
0 0.2006726457399103 0.029895366218236175 0.07623318385650225 0.05181863477827604
0 0.4276905829596413 0.048829098156452415 0.04147982062780273 0.09765819631290483
0 0.515695067264574 0.048829098156452415 0.0762331838565023 0.08171400099651221
0 0.6160313901345291 0.04783258594917788 0.0571748878923767 0.09566517189835576
0 0.696188340807175 0.06278026905829596 0.08295964125560545 0.09367214748380669
0 0.8105381165919283 0.0637767812655705 0.05156950672645735 0.0916791230692576
0 0.9047085201793722 0.09267563527653215 0.060538116591928315 0.09367214748380669
0 0.9809417040358744 0.07892376377502959 0.03811659192825118 0.07812655096809604
0 0.07679372197309416 0.30194319880418535 0.06390134529147981 0.10961634280019933
0 0.2062780269058296 0.31091180866965623 0.05829596412556054 0.09965122072745387
0 0.3290358744394619 0.32785251619332334 0.05044843049327362 0.07374190333831593
0 0.42600896860986553 0.3627304434479322 0.07174887892376682 0.07573492775286503
0 0.5168161434977578 0.3318385650224215 0.049327354260089676 0.09367214748380669
0 0.6143497757847534 0.3547583457897359 0.051569506726457416 0.08769307424015946
0 0.7152466367713004 0.3687095166915795 0.05381165919282509 0.09167912306925764
0 0.8155829596412556 0.3956153462879921 0.04820627802690595 0.07772795216741407
0 0.8957399103139013 0.3806676631788739 0.07847533632286996 0.1116093672147484
0 0.08744394618834081 0.6088689586447434 0.06278026905829595 0.09367214748380676
0 0.22365470852017935 0.6228201295465869 0.05941704035874441 0.10961634280019929
0 0.33856502242152464 0.6636771300448432 0.07174887892376684 0.05979073243647243
0 0.43946188340807174 0.6557050323866467 0.049327354260089745 0.08769307424015949
0 0.530269058295964 0.6517189835575485 0.058295964125560575 0.11559541604384649
0 0.6221973094170403 0.6557050323866467 0.033632286995515626 0.08769307424015949
0 0.7124439461883408 0.6766317887394121 0.07511210762331842 0.08968609865470853
0 0.8049327354260088 0.6905829596412556 0.044843049327354126 0.08570004982561046
0 0.882286995515695 0.6955655206776282 0.05381165919282523 0.0956651718983558
0 0.10369955156950673 0.9476831091180867 0.05044843049327355 0.061783756851021394
0 0.22926008968609865 0.9417040358744394 0.06390134529147978 0.09765819631290469
0 0.3402466367713004 0.9556552067762829 0.050448430493273515 0.06576980568011961
0 0.43553811659192826 0.9566517189835576 0.04596412556053806 0.07972097658196318
0 0.5246636771300449 0.9673642252117588 0.058295964125560575 0.06527154957648236
0 0.625560538116592 0.9693572496263079 0.051569506726457416 0.06128550074738413
0 0.7057174887892377 0.9656203288490284 0.05493273542600889 0.04583956153462879
0 0.8043721973094171 0.9733432984554061 0.03251121076233176 0.05331340308918783
0 0.8918161434977578 0.9773293472845043 0.04596412556053821 0.045341305430991526
0 0.9770179372197311 0.9803188839063278 0.04372197309417047 0.03936223218734426
0 0.020739910313901343 0.9498754329329767 0.041479820627802685 0.02551071858845603
0 0.005605381165919282 0.6040856970087117 0.011210762331838564 0.07533632895218297
