0 0.09641255605381166 0.917538614848032 0.17488789237668162 0.16492277030393623
0 0.29035874439461884 0.9135525660189338 0.15695067264573992 0.17289486796213255
0 0.4439461883408072 0.9255107125062281 0.14349775784753369 0.14897857498754363
0 0.6541479820627802 0.9464374688589936 0.1154708520179372 0.10712506228201292
0 0.8189461883408071 0.9613851519681116 0.11995515695067269 0.07722969606377689
0 0.9646860986547086 0.9593921275535625 0.07062780269058294 0.08121574489287496
0 0.8486547085201795 0.5779770802192327 0.12331838565022409 0.20328849028400597
0 0.6659192825112108 0.5450921773791729 0.15695067264573986 0.23318385650224216
0 0.12612107623318386 0.5092177379172895 0.13340807174887895 0.22919780767314407
0 0.3054932735426009 0.510214250124564 0.140134529147982 0.23517688091679134
0 0.4837443946188341 0.5520677628300947 0.09753363228699563 0.15146985550573006
0 0.1126681614349776 0.10463378176382662 0.12219730941704038 0.18933731938216244
0 0.312780269058296 0.1375186846038864 0.14573991031390135 0.23916292974588935
0 0.47645739910313906 0.12456402590931738 0.13677130044843047 0.24115595416043845
0 0.6429372197309416 0.14449427005480817 0.13789237668161428 0.2132536123567514
0 0.8346412556053813 0.14848031888390634 0.11098654708520186 0.1654210264075735
