0 0.922645739910314 0.26507224713502736 0.047085201793722005 0.11958146487294467
0 0.9893497757847532 0.2881913273026828 0.02130044843049333 0.04623816033531078
0 0.7073991031390133 0.20827105132037865 0.05381165919282509 0.07772795216741404
0 0.6233183856502242 0.19930244145490783 0.04035874439461885 0.0837070254110613
0 0.530829596412556 0.18933731938216244 0.0661434977578476 0.07972097658196313
0 0.422085201793722 0.1863477827603388 0.05044843049327362 0.08570004982561036
0 0.3430493273542601 0.17538614848031886 0.044843049327354265 0.06776283009466864
0 0.2774663677130045 0.15346287992027904 0.05493273542600896 0.09167912306925759
0 0.15975336322869954 0.4015944195316392 0.06390134529147982 0.08570004982561037
0 0.16704035874439463 0.5570503238664674 0.05605381165919281 0.07374190333831593
0 0.16535874439461884 0.761335326357748 0.048206278026905844 0.07972097658196318
0 0.17544843049327355 0.9038365719980069 0.045964125560538104 0.057797708021923314
0 0.26065022421524664 0.4424514200298954 0.05941704035874441 0.07573492775286496
0 0.24887892376681614 0.7493771798704533 0.07174887892376682 0.07573492775286496
0 0.3374439461883408 0.4534130543099153 0.03811659192825108 0.077727952167414
0 0.3301569506726457 0.7563527653213751 0.04596412556053817 0.06178375685102125
0 0.42320627802690586 0.4783258594917788 0.0347533632286995 0.07972097658196312
0 0.4198430493273543 0.7782760338814151 0.05493273542600896 0.08171400099651223
0 0.5246636771300449 0.49925261584454406 0.049327354260089745 0.07772795216741407
0 0.5156950672645739 0.7972097658196313 0.049327354260089745 0.07573492775286496
0 0.6165919282511212 0.5460886895864475 0.06278026905829598 0.12356751370204286
0 0.702354260089686 0.8271051320378675 0.07062780269058308 0.09167912306925757
0 0.7062780269058295 0.5321375186846039 0.049327354260089745 0.08769307424015942
0 0.8116591928251121 0.5321375186846039 0.060538116591928315 0.07174887892376682
0 0.8015695067264573 0.8380667663178875 0.042600896860986524 0.05779770802192317
0 0.922645739910314 0.5630293971101146 0.042600896860986524 0.077727952167414
0 0.8094170403587444 0.2212257100149477 0.044843049327354126 0.04384653712007971
0 0.9876681614349776 0.6040856970087117 0.024663677130044734 0.08011957538264511
0 0.9882286995515696 0.8811160906310336 0.023542600896860933 0.08011957538264511
