0 0.10089686098654709 0.2790234180368709 0.06278026905829594 0.07972097658196314
0 0.012331838565022422 0.26327852212081937 0.024663677130044845 0.06337818246488855
0 0.009529147982062778 0.9100149446419951 0.019058295964125557 0.08131540219583017
0 0.07174887892376682 0.8978574987543597 0.05829596412556054 0.10563029397110114
0 0.09024663677130046 0.6108619830592924 0.05717488789237669 0.08968609865470846
0 0.2281390134529148 0.9068261086198305 0.05941704035874444 0.09965122072745387
0 0.3290358744394619 0.9098156452416543 0.06838565022421526 0.10563029397110114
0 0.4187219730941705 0.9307424015944196 0.05493273542600896 0.1116093672147484
0 0.5117713004484306 0.9538614817620749 0.05269058295964122 0.09008469745539045
0 0.6098654708520179 0.9387144992526159 0.060538116591928315 0.09566517189835565
0 0.6973094170403588 0.9544095665171898 0.05605381165919297 0.0911808669656203
0 0.788677130044843 0.9538614817620749 0.06165919282511211 0.09008469745539045
0 0.8721973094170404 0.9556552067762831 0.049327354260089745 0.08171400099651223
0 0.969170403587444 0.9693572496263079 0.04372197309417047 0.06128550074738413
0 0.22365470852017935 0.5979073243647235 0.05941704035874441 0.06776283009466866
0 0.3430493273542601 0.5969108121574489 0.06278026905829598 0.09367214748380676
0 0.44002242152466364 0.6238166417538615 0.06614349775784753 0.08769307424015949
0 0.5162556053811659 0.6407573492775286 0.05044843049327355 0.08968609865470846
0 0.6193946188340808 0.6367713004484306 0.05717488789237677 0.07772795216741407
0 0.7085201793721972 0.6367713004484304 0.05381165919282523 0.0697558545092177
0 0.7998878923766816 0.6606875934230194 0.05269058295964129 0.08171400099651223
0 0.8996636771300449 0.6606875934230194 0.03923766816143484 0.08171400099651223
0 0.9820627802690584 0.6559043317869877 0.03587443946188344 0.08011957538264518
0 0.21804932735426008 0.279023418036871 0.05493273542600896 0.10762331838565026
0 0.32623318385650224 0.30194319880418535 0.04484304932735423 0.057797708021923314
0 0.42488789237668156 0.3089187842551071 0.029147982062780287 0.04384653712007971
0 0.5218609865470852 0.3148978574987543 0.07062780269058294 0.08769307424015942
0 0.617713004484305 0.31988041853512705 0.06950672645739907 0.08171400099651219
0 0.6984304932735427 0.33383158943697055 0.056053811659192834 0.08171400099651219
0 0.7937219730941704 0.3577478824115595 0.058295964125560575 0.09367214748380671
0 0.8912556053811659 0.3627304434479322 0.060538116591928176 0.08769307424015942
0 0.975896860986547 0.36791230388464596 0.04820627802690581 0.078126550968096
0 0.4097533632286996 0.019930244145490782 0.04372197309417047 0.027902341803687093
0 0.19338565022421528 0.014947683109118084 0.04372197309417043 0.02989536621823617
0 0.32343049327354256 0.006975585450921774 0.030269058295964123 0.013951170901843548
0 0.5257847533632287 0.0229197807673144 0.06502242152466366 0.0458395615346288
0 0.6093049327354261 0.020926756352765325 0.05269058295964129 0.04185351270553065
0 0.702914798206278 0.03388141504733433 0.05156950672645735 0.055804683607374186
0 0.7903587443946187 0.04683607374190333 0.042600896860986524 0.07772795216741404
0 0.8985426008968611 0.05281514698555058 0.07286995515695067 0.08968609865470853
0 0.9730941704035875 0.05779770802192327 0.0336322869955157 0.08370702541106129
