0 0.9573991031390133 0.2640757349277528 0.07174887892376675 0.1136023916292974
0 0.019058295964125564 0.14150473343298456 0.03587443946188341 0.07972097658196314
0 0.10594170403587444 0.14947683109118087 0.061659192825112126 0.08370702541106129
0 0.18834080717488788 0.14947683109118087 0.04035874439461882 0.06776283009466867
0 0.3295964125560538 0.19830592924763327 0.07847533632286996 0.11360239162929743
0 0.4372197309417041 0.24115595416043845 0.06278026905829598 0.08769307424015946
0 0.5089686098654709 0.22321873442949677 0.08744394618834078 0.08370702541106127
0 0.5997757847533632 0.22820129546586945 0.060538116591928315 0.08171400099651223
0 0.6838565022421524 0.242152466367713 0.056053811659192834 0.08570004982561037
0 0.7718609865470853 0.2521175884404584 0.04596412556053806 0.08171400099651219
0 0.8665919282511212 0.2610861983059293 0.042600896860986524 0.07174887892376682
0 0.9517937219730942 0.013951170901843548 0.05156950672645735 0.027902341803687097
0 0.01569506726457399 0.42152466367713004 0.026905829596412554 0.06576980568011961
0 0.0913677130044843 0.41753861484803195 0.0594170403587444 0.10961634280019929
0 0.18778026905829598 0.4623816641753862 0.039237668161434945 0.08769307424015949
0 0.3172645739910314 0.4813153961136024 0.06053811659192828 0.07374190333831585
0 0.4344170403587444 0.5022421524663677 0.0571748878923767 0.10762331838565026
0 0.5190582959641256 0.5002491280518186 0.049327354260089676 0.11160936721474847
0 0.608183856502242 0.523168908819133 0.06165919282511211 0.11360239162929744
0 0.6838565022421526 0.5151968111609367 0.03811659192825104 0.09367214748380669
0 0.7791479820627802 0.5281514698555057 0.06950672645739914 0.1036372695565521
0 0.875560538116592 0.5450921773791728 0.04260089686098666 0.07374190333831585
0 0.021300448430493276 0.7095166915794718 0.03811659192825112 0.09167912306925757
0 0.09753363228699552 0.7174887892376682 0.07174887892376682 0.08769307424015949
0 0.21244394618834078 0.7344294967613354 0.09977578475336323 0.11758844045839567
0 0.3178251121076233 0.728450423517688 0.048206278026905774 0.09765819631290483
0 0.4473094170403587 0.7713004484304933 0.06502242152466373 0.09566517189835565
0 0.5112107623318386 0.7772795216741406 0.042600896860986594 0.08370702541106127
0 0.6065022421524664 0.8121574489287494 0.05381165919282516 0.09367214748380676
0 0.6967488789237669 0.8171400099651219 0.05493273542600903 0.07972097658196318
0 0.7774663677130045 0.8211260587942203 0.04147982062780258 0.08370702541106127
0 0.8671524663677129 0.8271051320378675 0.0683856502242152 0.08769307424015949
0 0.9355381165919283 0.828101644245142 0.03923766816143498 0.077727952167414
