0 0.0705192445538784 0.27166184809988847 0.13655418417502135 0.25234213167561154
0 0.26865275810520123 0.28622354672294587 0.1329560917689913 0.22096592949737817
0 0.41591928251121074 0.3083082565338934 0.12780269058295962 0.22842583870102262
0 0.605327923620078 0.3194155565687597 0.08364233786539277 0.1736139810106298
0 0.7469801931436332 0.28794470141415796 0.08729781964720754 0.1360693996360122
0 0.9565770801663401 0.3185647101163309 0.07028230730911127 0.12954658694569024
0 0.911499167132507 0.7335786503089081 0.08283126214754248 0.1033459380468621
0 0.7345220490088369 0.7276626790495078 0.08595548006403639 0.2093622165040249
0 0.5873640827395319 0.7044552530627952 0.07823632553981358 0.13690447059238484
0 0.4242187961233857 0.7469350689855991 0.10411396314496639 0.2039973572718806
0 0.25077765439000155 0.715062453848875 0.11337067901612198 0.21187480195370995
0 0.05684033976572846 0.7436068743658992 0.11368067953145693 0.22459754483253985
0 0.06184081423238331 0.9731187552202532 0.04057171359144757 0.0537624895594939
0 0.23247926538280786 0.962181705756901 0.035218943565076107 0.07264705186438265
0 0.4336858280897066 0.9741152674275275 0.05639515996408611 0.05176946514494496
0 0.5602766317358472 0.9832768695360286 0.06106108630409306 0.03344626092794254
