0 0.17872196251827036 0.4787230060913881 0.09674455134134256 0.1573765347900826
0 0.032590142822611565 0.0658131039524583 0.06518028564522313 0.1316262079049166
0 0.1629507141130578 0.06018805233259007 0.11454011360956683 0.12037610466518014
0 0.3543782520516985 0.06975064008636604 0.0835320165550431 0.13950128017273208
0 0.5451729716831027 0.1001259188336539 0.11580575022403564 0.2002518376673078
0 0.7274246441668315 0.1158760633692849 0.13605593605556296 0.2317521267385698
0 0.9046137701926773 0.13050119758094103 0.10188374746486098 0.16200148665220168
0 0.8844623317038398 0.5481522533968627 0.09180445354412237 0.1508550396860255
0 0.7127004885152247 0.5191922645138287 0.10631347561551131 0.19012674475154123
0 0.5418395455617223 0.5242548109717088 0.08986019962739293 0.17100156924399157
0 0.37256064837632075 0.48094191349873017 0.07530537856098428 0.15637643503233586
0 0.019300958370672618 0.8519486387901183 0.038601916741345235 0.07560069892091925
0 0.006644592225969348 0.4480699324835848 0.013289184451938696 0.1498513803031782
0 0.17370862533605347 0.8666862766091138 0.10188374746486177 0.15412641438438773
0 0.3645033449674543 0.8768113695248674 0.08986019962739138 0.12487614596107227
0 0.5410596526860729 0.9077491534341573 0.10757911222997892 0.18450169313167522
0 0.6989478203412263 0.9223742876457994 0.08922738132015573 0.1552514247083374
0 0.8968506159206592 0.9195617618358739 0.10378220238656075 0.16087647632822827
0 0.9794334050148537 0.966812195442775 0.041133189970281044 0.06637560911444054
