0 0.023773690913364995 0.3026071276129212 0.04754738182672999 0.12423268049911976
0 0.13865374078899084 0.32633757186526535 0.10717627036550013 0.17795871408113634
0 0.5005151420780143 0.3577613330896549 0.11316817150013309 0.18117691223060833
0 0.6689606291170987 0.37833837181189994 0.08802718232422022 0.16477539385891998
0 0.8527449274777656 0.3569262290195443 0.09995736890767343 0.18279331765844245
0 0.9848125088070095 0.31513750893338593 0.030374982385974966 0.06027003530573647
0 0.8398071547575754 0.7598338327077869 0.0864893220966064 0.14415800310238372
0 0.6675781988416947 0.781676397199244 0.08894332274300135 0.1686123232008494
0 0.47216981033756916 0.8129387502864706 0.10762331838564952 0.19340407227984094
0 0.16011307535450406 0.7651330656934846 0.08563370972926199 0.18686007055612336
0 0.038192251992546285 0.7577662485496528 0.07638450398509257 0.16383152233593357
