0 0.22253363228699552 0.2670652715495765 0.05493273542600896 0.07573492775286496
0 0.31053811659192826 0.24015944195316394 0.056053811659192834 0.0976581963129048
0 0.3968609865470852 0.27204783258594917 0.06278026905829598 0.09367214748380669
0 0.4809417040358744 0.2850024912805182 0.03811659192825111 0.0637767812655705
0 0.586322869955157 0.2800199302441455 0.06502242152466366 0.10563029397110117
0 0.665358744394619 0.28699551569506726 0.06165919282511204 0.06776283009466862
0 0.7645739910313901 0.3188839063278525 0.04035874439461892 0.0837070254110613
0 0.8671524663677129 0.32685600398604886 0.05269058295964129 0.08370702541106127
0 0.9848654708520179 0.3707025411061285 0.025784753363228673 0.0558046836073742
0 0.2696188340807175 0.8819133034379673 0.04147982062780273 0.04583956153462864
0 0.3352017937219731 0.8679621325361236 0.03811659192825115 0.06576980568011961
0 0.3895739910313901 0.8809167912306926 0.03251121076233183 0.06377678126557043
0 0.4848654708520179 0.8699551569506727 0.06165919282511219 0.09367214748380676
0 0.5734304932735426 0.8759342301943198 0.05044843049327355 0.09367214748380646
0 0.663677130044843 0.8978574987543598 0.040358744394618784 0.077727952167414
0 0.7662556053811659 0.8968609865470853 0.04820627802690581 0.06377678126557057
0 0.8542600896860987 0.8948679621325363 0.069506726457399 0.06377678126557057
0 0.9837443946188341 0.9219730911292896 0.0325112107623319 0.06218235565170332
0 0.9865470852017938 0.6718485271033805 0.026905829596412474 0.08410562421174334
0 0.8536995515695068 0.6158445440956651 0.06165919282511211 0.1036372695565521
0 0.7668161434977578 0.6148480318883905 0.06950672645739928 0.07374190333831585
0 0.6704035874439461 0.5999003487792726 0.026905829596412474 0.06776283009466866
0 0.5790358744394619 0.5809666168410562 0.04372197309417032 0.061783756851021394
0 0.4859865470852017 0.587942202291978 0.023542600896860933 0.07573492775286496
0 0.3968609865470852 0.56203288490284 0.058295964125560505 0.047832585949177824
0 0.23318385650224216 0.6028898854010961 0.03139013452914799 0.061783756851021464
0 0.23934977578475336 0.7105132037867463 0.028026905829596417 0.057797708021923314
0 0.7713004484304932 0.02491280518186348 0.05156950672645749 0.04982561036372696
0 0.9786995515695068 0.07294469053138235 0.042600896860986524 0.09008469745539051
0 0.6659192825112108 0.016940707523667164 0.058295964125560644 0.03388141504733433
0 0.5835201793721972 0.02889885401096164 0.04820627802690581 0.049825610363726965
0 0.4848654708520179 0.00797209765819631 0.03923766816143498 0.01594419531639262
0 0.2881165919282511 0.014947683109118086 0.1031390134529148 0.029895366218236172
0 0.22982062780269058 0.4055804683607374 0.03811659192825111 0.077727952167414
