0 0.01977233650939003 0.3073306990569425 0.03954467301878006 0.07574760858427149
0 0.1772435349394911 0.2852792641316363 0.07669150884243806 0.15134310801394057
0 0.3895583494654371 0.27132809322979257 0.09632816678918625 0.1905077845325328
0 0.5490003432366288 0.2689199095385649 0.1352631946934414 0.16865564900756846
0 0.7740653089812962 0.2894709527767784 0.12993353525296475 0.22722030183695466
0 0.9274214081344341 0.29710290383796006 0.14515718373111108 0.22668227471307745
0 0.9459770021802336 0.7000695486914275 0.07944072782729732 0.16776971599749724
0 0.7516637904837373 0.7020664527505663 0.05890997384024874 0.08872127332038049
0 0.573103482250082 0.6745359444168406 0.08171852802573203 0.1417103732490284
0 0.3719081284257264 0.6690748503578942 0.11144923667130174 0.19250856823626214
0 0.19089432909876355 0.6776955543371673 0.1114848844033658 0.17594745347173646
0 0.039315510525812225 0.6938809559871448 0.07863102105162445 0.16281108254489104
