0 0.0700262586132322 0.28887213364267067 0.1400525172264644 0.21191983673767484
0 0.2759879145200201 0.32948436521800856 0.10960112800297692 0.1764044141781651
0 0.47956973544130493 0.34124124976354187 0.08584555790929038 0.14627623502604575
0 0.6527337933582424 0.35585930847492464 0.11421881850943877 0.1593157491954356
0 0.8626436887580715 0.410393318447465 0.07568488207836023 0.12000790073452824
0 0.9701837810729925 0.39092673762832597 0.0596324378539833 0.10227565687657086
0 0.8512487268517183 0.8390632785251578 0.08879144210600848 0.1933668751924143
0 0.6518935932579584 0.8227165593252346 0.10903078184635277 0.1741154748454859
0 0.4619488867093984 0.7777886545230543 0.0652953582645259 0.12004709074071471
0 0.24720282051165687 0.7276334197615938 0.0768414531776795 0.10090229935918885
0 0.06985737817336625 0.7290857603350908 0.0849264286836923 0.12522111621730692
