0 0.06778496337199964 0.027511148995046263 0.05965793277248641 0.05502229799009253
0 0.16261704900616464 0.04359809537143413 0.06676348688680528 0.08719619074286826
0 0.2344944810930335 0.04483447053769107 0.06758576387602033 0.08568289224628398
0 0.3287050334161013 0.05059941719134545 0.05911515275049748 0.10119883438269088
0 0.4311437602688106 0.05893697128919291 0.0657644010426318 0.11787394257838582
0 0.5193489882518623 0.07028979837785375 0.04129992340856621 0.07555786153421691
0 0.6109014240447688 0.0886267897070996 0.07538195345217319 0.1345490507740814
0 0.7253363228699548 0.11313982329065883 0.06100059914266939 0.09413471582244518
0 0.8492650465107624 0.14723536492798622 0.04658411468949713 0.10346020333790412
0 0.940126846841838 0.165492401937571 0.060788660144041586 0.08295895495243213
0 0.9290413562860539 0.474002835804711 0.05469184301226898 0.10698368382836441
0 0.8402113136048591 0.47408279012437154 0.052279444465033756 0.09489994386040067
0 0.730156294395234 0.4169789346104063 0.06092686444551477 0.10518488321178897
0 0.6092952815970542 0.406497026248351 0.07098759712905696 0.1212031992708711
0 0.5126514842678711 0.3828291750224062 0.05805507171181924 0.09475719280040495
0 0.4213945663318874 0.37553377229284174 0.06938782443266742 0.10162708756267637
0 0.3283404134084415 0.3517859667472386 0.06148894674424598 0.11388789374928728
0 0.2321430777403054 0.34983000270403425 0.06224057740058557 0.10787450534698718
0 0.15055505626999716 0.3534962342544889 0.07825683455014876 0.12563465885928154
0 0.05984265556090877 0.3028597566917987 0.05500338175888519 0.11326541677132754
0 0.055498099111786346 0.6083264359864412 0.05922749200113639 0.11219752903405734
0 0.15004914359658542 0.6431072513420615 0.06931717809979124 0.12385301582203657
0 0.2328835130761341 0.6549312255590256 0.05821566665431313 0.10116451922403907
0 0.3204977053453399 0.6764176621494095 0.07256806754870382 0.12111192094885538
0 0.42109904847496593 0.7000055590557024 0.06567445243301341 0.12074063093223264
0 0.5164756513360266 0.714836227473814 0.061559593077122755 0.10926221036290347
0 0.6180679733535915 0.7401772858356622 0.06293121286241903 0.12104329063154909
0 0.7350100449048166 0.7363055064848767 0.06845629655709237 0.12337328990406754
0 0.82891542823259 0.7606414738497895 0.05793616968708644 0.09822920055288636
0 0.932210211058813 0.7805802967849449 0.06691443069092912 0.10835423126495376
0 0.04536826427750805 0.937141149228388 0.0658736519289923 0.12412136036269543
0 0.14061959536251215 0.9544181453068526 0.06495177519178735 0.09116370938629487
0 0.22999087388355613 0.9606199239301546 0.061019901419411944 0.07876015213968802
0 0.3187164912475756 0.9650150094503942 0.06552350862889028 0.0669804444773867
0 0.412109592150612 0.9702823863035842 0.059767183658846125 0.05943522739282934
0 0.5037583463044631 0.9761187084872358 0.03354233838589727 0.04776258302552744
0 0.9876231871301677 0.7910473779573474 0.024753625739662766 0.07782389126877913
